0 35
1e-06 35
2e-06 35
3e-06 35
4e-06 34
5e-06 34
6e-06 34
7e-06 34
8e-06 34
9e-06 34
1e-05 34
1.1e-05 34
1.2e-05 34
1.3e-05 34
1.4e-05 34
1.5e-05 34
1.6e-05 32
1.7e-05 32
1.8e-05 32
1.9e-05 31
2e-05 29
2.1e-05 29
2.2e-05 28
2.3e-05 28
2.4e-05 28
2.5e-05 28
2.6e-05 28
2.7e-05 28
2.8e-05 27
2.9e-05 27
3e-05 27
3.1e-05 27
3.2e-05 27
3.3e-05 27
3.4e-05 27
3.5e-05 27
3.6e-05 27
3.7e-05 27
3.8e-05 27
3.9e-05 27
4e-05 27
4.1e-05 27
4.2e-05 27
4.3e-05 27
4.4e-05 27
4.5e-05 27
4.6e-05 27
4.7e-05 27
4.8e-05 27
4.9e-05 27
5e-05 27
5.1e-05 27
5.2e-05 27
5.3e-05 27
5.4e-05 27
5.5e-05 27
5.6e-05 27
5.7e-05 27
5.8e-05 27
5.9e-05 27
6e-05 27
6.1e-05 27
6.2e-05 27
6.3e-05 27
6.4e-05 27
6.5e-05 27
6.6e-05 27
6.7e-05 27
6.8e-05 27
6.9e-05 27
7e-05 27
7.1e-05 27
7.2e-05 27
7.3e-05 27
7.4e-05 27
7.5e-05 27
7.6e-05 27
7.7e-05 27
7.8e-05 27
7.9e-05 27
8e-05 27
8.1e-05 27
8.2e-05 27
8.3e-05 27
8.4e-05 27
8.5e-05 27
8.6e-05 27
8.7e-05 27
8.8e-05 27
8.9e-05 27
9e-05 27
9.1e-05 27
9.2e-05 27
9.3e-05 27
9.4e-05 27
9.5e-05 27
9.6e-05 27
9.7e-05 27
9.8e-05 27
9.9e-05 27
0.0001 27
0.000101 27
0.000102 27
0.000103 27
0.000104 27
0.000105 27
0.000106 27
0.000107 27
0.000108 27
0.000109 27
0.00011 27
0.000111 27
0.000112 27
0.000113 27
0.000114 27
0.000115 27
0.000116 27
0.000117 27
0.000118 27
0.000119 27
0.00012 27
0.000121 27
0.000122 27
0.000123 27
0.000124 27
0.000125 27
0.000126 27
0.000127 27
0.000128 27
0.000129 27
0.00013 27
0.000131 27
0.000132 27
0.000133 27
0.000134 27
0.000135 27
0.000136 27
0.000137 27
0.000138 27
0.000139 27
0.00014 27
0.000141 27
0.000142 27
0.000143 27
0.000144 27
0.000145 27
0.000146 27
0.000147 27
0.000148 27
0.000149 27
0.00015 27
0.000151 27
0.000152 27
0.000153 27
0.000154 27
0.000155 27
0.000156 27
0.000157 27
0.000158 27
0.000159 27
0.00016 27
0.000161 27
0.000162 27
0.000163 27
0.000164 27
0.000165 27
0.000166 27
0.000167 27
0.000168 27
0.000169 27
0.00017 27
0.000171 27
0.000172 27
0.000173 27
0.000174 27
0.000175 27
0.000176 27
0.000177 27
0.000178 27
0.000179 27
0.00018 27
0.000181 27
0.000182 27
0.000183 27
0.000184 27
0.000185 27
0.000186 27
0.000187 27
0.000188 27
0.000189 27
0.00019 27
0.000191 27
0.000192 27
0.000193 27
0.000194 27
0.000195 27
0.000196 27
0.000197 27
0.000198 27
0.000199 27
0.0002 27
0.000201 27
0.000202 27
0.000203 27
0.000204 27
0.000205 27
0.000206 27
0.000207 27
0.000208 27
0.000209 27
0.00021 27
0.000211 27
0.000212 27
0.000213 27
0.000214 27
0.000215 27
0.000216 27
0.000217 27
0.000218 27
0.000219 27
0.00022 27
0.000221 27
0.000222 27
0.000223 27
0.000224 27
0.000225 27
0.000226 27
0.000227 27
0.000228 27
0.000229 27
0.00023 27
0.000231 27
0.000232 27
0.000233 27
0.000234 27
0.000235 27
0.000236 27
0.000237 27
0.000238 27
0.000239 27
0.00024 27
0.000241 27
0.000242 27
0.000243 27
0.000244 27
0.000245 27
0.000246 27
0.000247 27
0.000248 27
0.000249 27
0.00025 27
0.000251 27
0.000252 27
0.000253 27
0.000254 27
0.000255 27
0.000256 27
0.000257 27
0.000258 27
0.000259 27
0.00026 27
0.000261 27
0.000262 27
0.000263 27
0.000264 27
0.000265 27
0.000266 27
0.000267 27
0.000268 27
0.000269 27
0.00027 27
0.000271 27
0.000272 27
0.000273 27
0.000274 27
0.000275 27
0.000276 27
0.000277 27
0.000278 27
0.000279 27
0.00028 27
0.000281 27
0.000282 27
0.000283 27
0.000284 27
0.000285 27
0.000286 27
0.000287 27
0.000288 27
0.000289 27
0.00029 27
0.000291 27
0.000292 27
0.000293 27
0.000294 27
0.000295 27
0.000296 27
0.000297 27
0.000298 27
0.000299 27
0.0003 27
0.000301 27
0.000302 27
0.000303 27
0.000304 27
0.000305 27
0.000306 27
0.000307 27
0.000308 27
0.000309 27
0.00031 27
0.000311 27
0.000312 27
0.000313 27
0.000314 27
0.000315 27
0.000316 27
0.000317 27
0.000318 27
0.000319 27
0.00032 27
0.000321 27
0.000322 27
0.000323 27
0.000324 27
0.000325 27
0.000326 27
0.000327 27
0.000328 27
0.000329 27
0.00033 27
0.000331 27
0.000332 27
0.000333 27
0.000334 27
0.000335 27
0.000336 27
0.000337 27
0.000338 27
0.000339 27
0.00034 27
0.000341 27
0.000342 27
0.000343 27
0.000344 27
0.000345 27
0.000346 27
0.000347 27
0.000348 27
0.000349 27
0.00035 27
0.000351 27
0.000352 27
0.000353 27
0.000354 27
0.000355 27
0.000356 27
0.000357 27
0.000358 27
0.000359 27
0.00036 27
0.000361 27
0.000362 27
0.000363 27
0.000364 27
0.000365 27
0.000366 27
0.000367 27
0.000368 27
0.000369 27
0.00037 27
0.000371 27
0.000372 27
0.000373 27
0.000374 27
0.000375 27
0.000376 27
0.000377 27
0.000378 27
0.000379 27
0.00038 27
0.000381 27
0.000382 27
0.000383 27
0.000384 27
0.000385 27
0.000386 27
0.000387 27
0.000388 27
0.000389 27
0.00039 27
0.000391 27
0.000392 27
0.000393 27
0.000394 27
0.000395 27
0.000396 27
0.000397 27
0.000398 27
0.000399 27
0.0004 27
0.000401 27
0.000402 27
0.000403 27
0.000404 27
0.000405 27
0.000406 27
0.000407 27
0.000408 27
0.000409 27
0.00041 27
0.000411 27
0.000412 27
0.000413 27
0.000414 27
0.000415 27
0.000416 27
0.000417 27
0.000418 27
0.000419 27
0.00042 27
0.000421 27
0.000422 27
0.000423 27
0.000424 27
0.000425 27
0.000426 27
0.000427 27
0.000428 27
0.000429 27
0.00043 27
0.000431 27
0.000432 27
0.000433 27
0.000434 27
0.000435 27
0.000436 27
0.000437 27
0.000438 27
0.000439 27
0.00044 27
0.000441 27
0.000442 27
0.000443 27
0.000444 27
0.000445 27
0.000446 27
0.000447 27
0.000448 27
0.000449 27
0.00045 27
0.000451 27
0.000452 27
0.000453 27
0.000454 27
0.000455 27
0.000456 27
0.000457 27
0.000458 27
0.000459 27
0.00046 27
0.000461 27
0.000462 27
0.000463 27
0.000464 27
0.000465 27
0.000466 27
0.000467 27
0.000468 27
0.000469 27
0.00047 27
0.000471 27
0.000472 27
0.000473 27
0.000474 27
0.000475 27
0.000476 27
0.000477 27
0.000478 27
0.000479 27
0.00048 27
0.000481 27
0.000482 27
0.000483 27
0.000484 27
0.000485 27
0.000486 27
0.000487 27
0.000488 27
0.000489 27
0.00049 27
0.000491 27
0.000492 27
0.000493 27
0.000494 27
0.000495 27
0.000496 27
0.000497 27
0.000498 27
0.000499 27
0.0005 27
0.000501 27
0.000502 27
0.000503 27
0.000504 27
0.000505 27
0.000506 27
0.000507 27
0.000508 27
0.000509 27
0.00051 27
0.000511 27
0.000512 27
0.000513 27
0.000514 27
0.000515 27
0.000516 27
0.000517 27
0.000518 27
0.000519 27
0.00052 27
0.000521 27
0.000522 27
0.000523 27
0.000524 27
0.000525 27
0.000526 27
0.000527 27
0.000528 27
0.000529 27
0.00053 27
0.000531 27
0.000532 27
0.000533 27
0.000534 27
0.000535 27
0.000536 27
0.000537 27
0.000538 27
0.000539 27
0.00054 27
0.000541 27
0.000542 27
0.000543 27
0.000544 27
0.000545 27
0.000546 27
0.000547 27
0.000548 27
0.000549 27
0.00055 27
0.000551 27
0.000552 27
0.000553 27
0.000554 27
0.000555 27
0.000556 27
0.000557 27
0.000558 27
0.000559 27
0.00056 27
0.000561 27
0.000562 27
0.000563 27
0.000564 27
0.000565 27
0.000566 27
0.000567 27
0.000568 27
0.000569 27
0.00057 27
0.000571 27
0.000572 27
0.000573 27
0.000574 27
0.000575 27
0.000576 27
0.000577 27
0.000578 27
0.000579 27
0.00058 27
0.000581 27
0.000582 27
0.000583 27
0.000584 27
0.000585 27
0.000586 27
0.000587 27
0.000588 27
0.000589 27
0.00059 27
0.000591 27
0.000592 27
0.000593 27
0.000594 27
0.000595 27
0.000596 27
0.000597 27
0.000598 27
0.000599 27
0.0006 27
0.000601 27
0.000602 27
0.000603 27
0.000604 27
0.000605 27
0.000606 27
0.000607 27
0.000608 27
0.000609 27
0.00061 27
0.000611 27
0.000612 27
0.000613 27
0.000614 27
0.000615 27
0.000616 27
0.000617 27
0.000618 27
0.000619 27
0.00062 27
0.000621 27
0.000622 27
0.000623 27
0.000624 27
0.000625 27
0.000626 27
0.000627 27
0.000628 27
0.000629 27
0.00063 27
0.000631 27
0.000632 27
0.000633 27
0.000634 27
0.000635 27
0.000636 27
0.000637 27
0.000638 27
0.000639 27
0.00064 27
0.000641 27
0.000642 27
0.000643 27
0.000644 27
0.000645 27
0.000646 27
0.000647 27
0.000648 27
0.000649 27
0.00065 27
0.000651 27
0.000652 27
0.000653 27
0.000654 27
0.000655 27
0.000656 27
0.000657 27
0.000658 27
0.000659 27
0.00066 27
0.000661 27
0.000662 27
0.000663 27
0.000664 27
0.000665 27
0.000666 27
0.000667 27
0.000668 27
0.000669 27
0.00067 27
0.000671 27
0.000672 27
0.000673 27
0.000674 27
0.000675 27
0.000676 27
0.000677 27
0.000678 27
0.000679 27
0.00068 27
0.000681 27
0.000682 27
0.000683 27
0.000684 27
0.000685 27
0.000686 27
0.000687 27
0.000688 27
0.000689 27
0.00069 27
0.000691 27
0.000692 27
0.000693 27
0.000694 27
0.000695 27
0.000696 27
0.000697 27
0.000698 27
0.000699 27
0.0007 27
0.000701 27
0.000702 27
0.000703 27
0.000704 27
0.000705 27
0.000706 27
0.000707 27
0.000708 27
0.000709 27
0.00071 27
0.000711 27
0.000712 27
0.000713 27
0.000714 27
0.000715 27
0.000716 27
0.000717 27
0.000718 27
0.000719 27
0.00072 27
0.000721 27
0.000722 27
0.000723 27
0.000724 27
0.000725 27
0.000726 27
0.000727 27
0.000728 27
0.000729 27
0.00073 27
0.000731 27
0.000732 27
0.000733 27
0.000734 27
0.000735 27
0.000736 27
0.000737 27
0.000738 27
0.000739 27
0.00074 27
0.000741 27
0.000742 27
0.000743 27
0.000744 27
0.000745 27
0.000746 27
0.000747 27
0.000748 27
0.000749 27
0.00075 27
0.000751 27
0.000752 27
0.000753 27
0.000754 27
0.000755 27
0.000756 27
0.000757 27
0.000758 27
0.000759 27
0.00076 27
0.000761 27
0.000762 27
0.000763 27
0.000764 27
0.000765 27
0.000766 27
0.000767 27
0.000768 27
0.000769 27
0.00077 27
0.000771 27
0.000772 27
0.000773 27
0.000774 27
0.000775 27
0.000776 27
0.000777 27
0.000778 27
0.000779 27
0.00078 27
0.000781 27
0.000782 27
0.000783 27
0.000784 27
0.000785 27
0.000786 27
0.000787 27
0.000788 27
0.000789 27
0.00079 27
0.000791 27
0.000792 27
0.000793 27
0.000794 27
0.000795 27
0.000796 27
0.000797 27
0.000798 27
0.000799 27
0.0008 27
0.000801 27
0.000802 27
0.000803 27
0.000804 27
0.000805 27
0.000806 27
0.000807 27
0.000808 27
0.000809 27
0.00081 27
0.000811 27
0.000812 27
0.000813 27
0.000814 27
0.000815 27
0.000816 27
0.000817 27
0.000818 27
0.000819 27
0.00082 27
0.000821 27
0.000822 27
0.000823 27
0.000824 27
0.000825 27
0.000826 27
0.000827 27
0.000828 27
0.000829 27
0.00083 27
0.000831 27
0.000832 27
0.000833 27
0.000834 27
0.000835 27
0.000836 27
0.000837 27
0.000838 27
0.000839 27
0.00084 27
0.000841 27
0.000842 27
0.000843 27
0.000844 27
0.000845 27
0.000846 27
0.000847 27
0.000848 27
0.000849 27
0.00085 27
0.000851 27
0.000852 27
0.000853 27
0.000854 27
0.000855 27
0.000856 27
0.000857 27
0.000858 27
0.000859 27
0.00086 27
0.000861 27
0.000862 27
0.000863 27
0.000864 27
0.000865 27
0.000866 27
0.000867 27
0.000868 27
0.000869 27
0.00087 27
0.000871 27
0.000872 27
0.000873 27
0.000874 27
0.000875 27
0.000876 27
0.000877 27
0.000878 27
0.000879 27
0.00088 27
0.000881 27
0.000882 27
0.000883 27
0.000884 27
0.000885 27
0.000886 27
0.000887 27
0.000888 27
0.000889 27
0.00089 27
0.000891 27
0.000892 27
0.000893 27
0.000894 27
0.000895 27
0.000896 27
0.000897 27
0.000898 27
0.000899 27
0.0009 27
0.000901 27
0.000902 27
0.000903 27
0.000904 27
0.000905 27
0.000906 27
0.000907 27
0.000908 27
0.000909 27
0.00091 27
0.000911 27
0.000912 27
0.000913 27
0.000914 27
0.000915 27
0.000916 27
0.000917 27
0.000918 27
0.000919 27
0.00092 27
0.000921 27
0.000922 27
0.000923 27
0.000924 27
0.000925 27
0.000926 27
0.000927 27
0.000928 27
0.000929 27
0.00093 27
0.000931 27
0.000932 27
0.000933 27
0.000934 27
0.000935 27
0.000936 27
0.000937 27
0.000938 27
0.000939 27
0.00094 27
0.000941 27
0.000942 27
0.000943 27
0.000944 27
0.000945 27
0.000946 27
0.000947 27
0.000948 27
0.000949 27
0.00095 27
0.000951 27
0.000952 27
0.000953 27
0.000954 27
0.000955 27
0.000956 27
0.000957 27
0.000958 27
0.000959 27
0.00096 27
0.000961 27
0.000962 27
0.000963 27
0.000964 27
0.000965 27
0.000966 27
0.000967 27
0.000968 27
0.000969 27
0.00097 27
0.000971 27
0.000972 27
0.000973 27
0.000974 27
0.000975 27
0.000976 27
0.000977 27
0.000978 27
0.000979 27
0.00098 27
0.000981 27
0.000982 27
0.000983 27
0.000984 27
0.000985 27
0.000986 27
0.000987 27
0.000988 27
0.000989 27
0.00099 27
0.000991 27
0.000992 27
0.000993 27
0.000994 27
0.000995 27
0.000996 27
0.000997 27
0.000998 27
0.000999 27
0.001 27
