0 35
1e-06 35
2e-06 34
3e-06 31
4e-06 30
5e-06 28
6e-06 28
7e-06 26
8e-06 25
9e-06 25
1e-05 25
1.1e-05 25
1.2e-05 25
1.3e-05 24
1.4e-05 24
1.5e-05 23
1.6e-05 23
1.7e-05 23
1.8e-05 23
1.9e-05 22
2e-05 22
2.1e-05 21
2.2e-05 21
2.3e-05 20
2.4e-05 20
2.5e-05 20
2.6e-05 20
2.7e-05 19
2.8e-05 18
2.9e-05 18
3e-05 18
3.1e-05 18
3.2e-05 18
3.3e-05 18
3.4e-05 18
3.5e-05 18
3.6e-05 17
3.7e-05 17
3.8e-05 17
3.9e-05 16
4e-05 16
4.1e-05 16
4.2e-05 16
4.3e-05 16
4.4e-05 16
4.5e-05 15
4.6e-05 15
4.7e-05 15
4.8e-05 15
4.9e-05 15
5e-05 15
5.1e-05 15
5.2e-05 15
5.3e-05 15
5.4e-05 15
5.5e-05 15
5.6e-05 15
5.7e-05 15
5.8e-05 15
5.9e-05 15
6e-05 15
6.1e-05 15
6.2e-05 15
6.3e-05 15
6.4e-05 15
6.5e-05 15
6.6e-05 15
6.7e-05 15
6.8e-05 14
6.9e-05 14
7e-05 14
7.1e-05 14
7.2e-05 14
7.3e-05 14
7.4e-05 14
7.5e-05 14
7.6e-05 14
7.7e-05 14
7.8e-05 14
7.9e-05 14
8e-05 13
8.1e-05 13
8.2e-05 12
8.3e-05 12
8.4e-05 12
8.5e-05 12
8.6e-05 12
8.7e-05 12
8.8e-05 12
8.9e-05 12
9e-05 12
9.1e-05 12
9.2e-05 12
9.3e-05 12
9.4e-05 12
9.5e-05 12
9.6e-05 12
9.7e-05 12
9.8e-05 12
9.9e-05 12
0.0001 12
0.000101 12
0.000102 12
0.000103 12
0.000104 12
0.000105 12
0.000106 12
0.000107 12
0.000108 12
0.000109 12
0.00011 12
0.000111 12
0.000112 12
0.000113 12
0.000114 12
0.000115 12
0.000116 12
0.000117 12
0.000118 12
0.000119 12
0.00012 12
0.000121 12
0.000122 12
0.000123 12
0.000124 12
0.000125 12
0.000126 12
0.000127 12
0.000128 12
0.000129 12
0.00013 12
0.000131 12
0.000132 12
0.000133 12
0.000134 12
0.000135 12
0.000136 12
0.000137 12
0.000138 12
0.000139 12
0.00014 12
0.000141 12
0.000142 12
0.000143 12
0.000144 12
0.000145 12
0.000146 12
0.000147 12
0.000148 12
0.000149 12
0.00015 12
0.000151 12
0.000152 12
0.000153 12
0.000154 12
0.000155 12
0.000156 12
0.000157 12
0.000158 12
0.000159 12
0.00016 12
0.000161 12
0.000162 12
0.000163 12
0.000164 12
0.000165 12
0.000166 12
0.000167 12
0.000168 12
0.000169 12
0.00017 12
0.000171 12
0.000172 12
0.000173 12
0.000174 12
0.000175 12
0.000176 12
0.000177 12
0.000178 12
0.000179 12
0.00018 12
0.000181 12
0.000182 12
0.000183 12
0.000184 12
0.000185 12
0.000186 12
0.000187 12
0.000188 12
0.000189 12
0.00019 11
0.000191 11
0.000192 11
0.000193 11
0.000194 11
0.000195 11
0.000196 11
0.000197 11
0.000198 11
0.000199 11
0.0002 11
0.000201 11
0.000202 11
0.000203 11
0.000204 9
0.000205 9
0.000206 9
0.000207 9
0.000208 9
0.000209 9
0.00021 9
0.000211 9
0.000212 9
0.000213 9
0.000214 9
0.000215 9
0.000216 9
0.000217 9
0.000218 9
0.000219 9
0.00022 9
0.000221 9
0.000222 9
0.000223 9
0.000224 9
0.000225 9
0.000226 9
0.000227 8
0.000228 8
0.000229 8
0.00023 8
0.000231 8
0.000232 8
0.000233 8
0.000234 8
0.000235 8
0.000236 7
0.000237 7
0.000238 7
0.000239 7
0.00024 7
0.000241 7
0.000242 7
0.000243 7
0.000244 7
0.000245 7
0.000246 7
0.000247 7
0.000248 7
0.000249 7
0.00025 7
0.000251 7
0.000252 7
0.000253 7
0.000254 7
0.000255 7
0.000256 7
0.000257 7
0.000258 7
0.000259 7
0.00026 7
0.000261 7
0.000262 7
0.000263 7
0.000264 7
0.000265 7
0.000266 7
0.000267 7
0.000268 7
0.000269 7
0.00027 7
0.000271 7
0.000272 7
0.000273 7
0.000274 7
0.000275 7
0.000276 7
0.000277 7
0.000278 7
0.000279 7
0.00028 6
0.000281 6
0.000282 6
0.000283 6
0.000284 6
0.000285 6
0.000286 6
0.000287 6
0.000288 6
0.000289 6
0.00029 6
0.000291 6
0.000292 6
0.000293 6
0.000294 6
0.000295 6
0.000296 6
0.000297 6
0.000298 6
0.000299 6
0.0003 6
0.000301 6
0.000302 6
0.000303 6
0.000304 6
0.000305 6
0.000306 6
0.000307 6
0.000308 6
0.000309 6
0.00031 6
0.000311 6
0.000312 6
0.000313 6
0.000314 6
0.000315 6
0.000316 6
0.000317 6
0.000318 6
0.000319 6
0.00032 6
0.000321 6
0.000322 6
0.000323 6
0.000324 6
0.000325 6
0.000326 6
0.000327 6
0.000328 6
0.000329 6
0.00033 6
0.000331 6
0.000332 6
0.000333 6
0.000334 6
0.000335 6
0.000336 6
0.000337 6
0.000338 6
0.000339 6
0.00034 6
0.000341 6
0.000342 6
0.000343 6
0.000344 6
0.000345 6
0.000346 6
0.000347 6
0.000348 6
0.000349 6
0.00035 6
0.000351 6
0.000352 6
0.000353 6
0.000354 6
0.000355 6
0.000356 6
0.000357 6
0.000358 6
0.000359 6
0.00036 6
0.000361 6
0.000362 6
0.000363 6
0.000364 6
0.000365 6
0.000366 6
0.000367 6
0.000368 6
0.000369 6
0.00037 6
0.000371 6
0.000372 6
0.000373 6
0.000374 6
0.000375 6
0.000376 6
0.000377 6
0.000378 6
0.000379 6
0.00038 6
0.000381 6
0.000382 6
0.000383 6
0.000384 6
0.000385 6
0.000386 6
0.000387 6
0.000388 6
0.000389 6
0.00039 6
0.000391 6
0.000392 6
0.000393 6
0.000394 6
0.000395 6
0.000396 6
0.000397 6
0.000398 6
0.000399 6
0.0004 6
0.000401 6
0.000402 6
0.000403 6
0.000404 6
0.000405 6
0.000406 6
0.000407 6
0.000408 6
0.000409 6
0.00041 6
0.000411 6
0.000412 6
0.000413 6
0.000414 6
0.000415 6
0.000416 6
0.000417 6
0.000418 6
0.000419 6
0.00042 6
0.000421 6
0.000422 6
0.000423 6
0.000424 6
0.000425 6
0.000426 6
0.000427 6
0.000428 6
0.000429 6
0.00043 6
0.000431 6
0.000432 6
0.000433 6
0.000434 6
0.000435 6
0.000436 6
0.000437 6
0.000438 6
0.000439 6
0.00044 6
0.000441 6
0.000442 6
0.000443 6
0.000444 6
0.000445 6
0.000446 6
0.000447 6
0.000448 6
0.000449 6
0.00045 6
0.000451 6
0.000452 6
0.000453 6
0.000454 6
0.000455 6
0.000456 6
0.000457 6
0.000458 6
0.000459 6
0.00046 6
0.000461 6
0.000462 6
0.000463 6
0.000464 6
0.000465 6
0.000466 5
0.000467 5
0.000468 5
0.000469 5
0.00047 5
0.000471 5
0.000472 5
0.000473 5
0.000474 5
0.000475 5
0.000476 5
0.000477 5
0.000478 5
0.000479 5
0.00048 5
0.000481 5
0.000482 5
0.000483 5
0.000484 5
0.000485 5
0.000486 5
0.000487 5
0.000488 5
0.000489 5
0.00049 5
0.000491 5
0.000492 5
0.000493 5
0.000494 5
0.000495 5
0.000496 5
0.000497 5
0.000498 5
0.000499 5
0.0005 5
0.000501 5
0.000502 5
0.000503 5
0.000504 5
0.000505 5
0.000506 5
0.000507 5
0.000508 5
0.000509 5
0.00051 5
0.000511 5
0.000512 5
0.000513 5
0.000514 5
0.000515 5
0.000516 5
0.000517 5
0.000518 5
0.000519 5
0.00052 5
0.000521 5
0.000522 5
0.000523 5
0.000524 5
0.000525 5
0.000526 5
0.000527 5
0.000528 5
0.000529 5
0.00053 5
0.000531 5
0.000532 5
0.000533 5
0.000534 5
0.000535 5
0.000536 5
0.000537 5
0.000538 5
0.000539 5
0.00054 5
0.000541 5
0.000542 5
0.000543 5
0.000544 5
0.000545 5
0.000546 5
0.000547 5
0.000548 5
0.000549 5
0.00055 5
0.000551 5
0.000552 5
0.000553 5
0.000554 5
0.000555 5
0.000556 5
0.000557 5
0.000558 5
0.000559 5
0.00056 5
0.000561 5
0.000562 5
0.000563 5
0.000564 5
0.000565 5
0.000566 5
0.000567 5
0.000568 5
0.000569 5
0.00057 5
0.000571 5
0.000572 5
0.000573 5
0.000574 5
0.000575 5
0.000576 5
0.000577 5
0.000578 5
0.000579 5
0.00058 5
0.000581 5
0.000582 5
0.000583 5
0.000584 5
0.000585 5
0.000586 5
0.000587 5
0.000588 5
0.000589 5
0.00059 5
0.000591 5
0.000592 5
0.000593 5
0.000594 5
0.000595 5
0.000596 5
0.000597 5
0.000598 5
0.000599 5
0.0006 5
0.000601 5
0.000602 5
0.000603 5
0.000604 5
0.000605 5
0.000606 5
0.000607 5
0.000608 5
0.000609 5
0.00061 5
0.000611 5
0.000612 5
0.000613 5
0.000614 5
0.000615 5
0.000616 5
0.000617 5
0.000618 5
0.000619 5
0.00062 5
0.000621 5
0.000622 5
0.000623 5
0.000624 5
0.000625 5
0.000626 5
0.000627 5
0.000628 5
0.000629 5
0.00063 5
0.000631 5
0.000632 4
0.000633 4
0.000634 4
0.000635 4
0.000636 4
0.000637 4
0.000638 4
0.000639 4
0.00064 4
0.000641 4
0.000642 4
0.000643 4
0.000644 4
0.000645 4
0.000646 4
0.000647 4
0.000648 4
0.000649 4
0.00065 4
0.000651 4
0.000652 4
0.000653 4
0.000654 4
0.000655 4
0.000656 4
0.000657 4
0.000658 4
0.000659 4
0.00066 4
0.000661 4
0.000662 4
0.000663 4
0.000664 4
0.000665 4
0.000666 4
0.000667 4
0.000668 4
0.000669 4
0.00067 4
0.000671 4
0.000672 4
0.000673 4
0.000674 4
0.000675 4
0.000676 4
0.000677 4
0.000678 4
0.000679 4
0.00068 4
0.000681 4
0.000682 4
0.000683 4
0.000684 4
0.000685 4
0.000686 4
0.000687 4
0.000688 4
0.000689 4
0.00069 4
0.000691 4
0.000692 4
0.000693 4
0.000694 4
0.000695 4
0.000696 4
0.000697 4
0.000698 4
0.000699 4
0.0007 4
0.000701 4
0.000702 4
0.000703 4
0.000704 4
0.000705 4
0.000706 4
0.000707 4
0.000708 4
0.000709 4
0.00071 4
0.000711 4
0.000712 4
0.000713 4
0.000714 4
0.000715 4
0.000716 4
0.000717 4
0.000718 4
0.000719 4
0.00072 4
0.000721 4
0.000722 4
0.000723 4
0.000724 4
0.000725 4
0.000726 4
0.000727 4
0.000728 4
0.000729 4
0.00073 4
0.000731 4
0.000732 4
0.000733 4
0.000734 4
0.000735 4
0.000736 4
0.000737 4
0.000738 4
0.000739 4
0.00074 4
0.000741 4
0.000742 4
0.000743 4
0.000744 4
0.000745 4
0.000746 4
0.000747 4
0.000748 4
0.000749 4
0.00075 4
0.000751 4
0.000752 4
0.000753 4
0.000754 4
0.000755 4
0.000756 4
0.000757 4
0.000758 4
0.000759 4
0.00076 4
0.000761 4
0.000762 4
0.000763 4
0.000764 4
0.000765 4
0.000766 4
0.000767 4
0.000768 4
0.000769 4
0.00077 4
0.000771 4
0.000772 4
0.000773 4
0.000774 4
0.000775 4
0.000776 4
0.000777 4
0.000778 4
0.000779 4
0.00078 4
0.000781 4
0.000782 4
0.000783 4
0.000784 4
0.000785 4
0.000786 4
0.000787 4
0.000788 4
0.000789 4
0.00079 4
0.000791 4
0.000792 4
0.000793 4
0.000794 4
0.000795 4
0.000796 4
0.000797 4
0.000798 4
0.000799 4
0.0008 4
0.000801 4
0.000802 4
0.000803 4
0.000804 4
0.000805 4
0.000806 4
0.000807 4
0.000808 4
0.000809 4
0.00081 4
0.000811 4
0.000812 4
0.000813 4
0.000814 4
0.000815 4
0.000816 4
0.000817 4
0.000818 4
0.000819 4
0.00082 4
0.000821 4
0.000822 4
0.000823 4
0.000824 4
0.000825 4
0.000826 4
0.000827 4
0.000828 4
0.000829 4
0.00083 4
0.000831 4
0.000832 4
0.000833 4
0.000834 4
0.000835 4
0.000836 4
0.000837 4
0.000838 4
0.000839 4
0.00084 4
0.000841 4
0.000842 4
0.000843 4
0.000844 4
0.000845 4
0.000846 4
0.000847 4
0.000848 4
0.000849 4
0.00085 4
0.000851 4
0.000852 4
0.000853 4
0.000854 4
0.000855 4
0.000856 4
0.000857 4
0.000858 4
0.000859 4
0.00086 4
0.000861 4
0.000862 4
0.000863 4
0.000864 4
0.000865 4
0.000866 4
0.000867 4
0.000868 4
0.000869 4
0.00087 4
0.000871 4
0.000872 4
0.000873 4
0.000874 4
0.000875 4
0.000876 4
0.000877 4
0.000878 4
0.000879 4
0.00088 4
0.000881 4
0.000882 4
0.000883 4
0.000884 4
0.000885 4
0.000886 4
0.000887 4
0.000888 4
0.000889 4
0.00089 4
0.000891 4
0.000892 4
0.000893 4
0.000894 4
0.000895 4
0.000896 4
0.000897 4
0.000898 4
0.000899 4
0.0009 4
0.000901 4
0.000902 4
0.000903 4
0.000904 4
0.000905 4
0.000906 4
0.000907 4
0.000908 4
0.000909 4
0.00091 4
0.000911 4
0.000912 4
0.000913 4
0.000914 4
0.000915 4
0.000916 4
0.000917 4
0.000918 4
0.000919 4
0.00092 4
0.000921 4
0.000922 4
0.000923 4
0.000924 4
0.000925 4
0.000926 4
0.000927 4
0.000928 4
0.000929 4
0.00093 4
0.000931 4
0.000932 4
0.000933 4
0.000934 4
0.000935 4
0.000936 4
0.000937 4
0.000938 4
0.000939 4
0.00094 4
0.000941 4
0.000942 4
0.000943 4
0.000944 4
0.000945 4
0.000946 4
0.000947 4
0.000948 4
0.000949 4
0.00095 4
0.000951 4
0.000952 4
0.000953 4
0.000954 4
0.000955 4
0.000956 4
0.000957 4
0.000958 4
0.000959 4
0.00096 4
0.000961 4
0.000962 4
0.000963 4
0.000964 4
0.000965 4
0.000966 4
0.000967 4
0.000968 4
0.000969 4
0.00097 4
0.000971 4
0.000972 4
0.000973 4
0.000974 4
0.000975 4
0.000976 4
0.000977 4
0.000978 4
0.000979 4
0.00098 4
0.000981 4
0.000982 4
0.000983 4
0.000984 4
0.000985 4
0.000986 4
0.000987 4
0.000988 4
0.000989 4
0.00099 4
0.000991 4
0.000992 4
0.000993 4
0.000994 4
0.000995 4
0.000996 4
0.000997 4
0.000998 4
0.000999 4
0.001 4
