0 35
1e-06 35
2e-06 35
3e-06 35
4e-06 35
5e-06 35
6e-06 35
7e-06 35
8e-06 35
9e-06 35
1e-05 35
1.1e-05 35
1.2e-05 35
1.3e-05 35
1.4e-05 35
1.5e-05 35
1.6e-05 35
1.7e-05 35
1.8e-05 35
1.9e-05 35
2e-05 35
2.1e-05 35
2.2e-05 35
2.3e-05 35
2.4e-05 35
2.5e-05 35
2.6e-05 35
2.7e-05 35
2.8e-05 35
2.9e-05 35
3e-05 35
3.1e-05 35
3.2e-05 35
3.3e-05 35
3.4e-05 35
3.5e-05 35
3.6e-05 35
3.7e-05 35
3.8e-05 35
3.9e-05 35
4e-05 35
4.1e-05 35
4.2e-05 35
4.3e-05 35
4.4e-05 35
4.5e-05 35
4.6e-05 35
4.7e-05 35
4.8e-05 35
4.9e-05 35
5e-05 35
5.1e-05 35
5.2e-05 35
5.3e-05 35
5.4e-05 35
5.5e-05 35
5.6e-05 35
5.7e-05 35
5.8e-05 35
5.9e-05 35
6e-05 35
6.1e-05 35
6.2e-05 35
6.3e-05 35
6.4e-05 35
6.5e-05 35
6.6e-05 35
6.7e-05 35
6.8e-05 35
6.9e-05 35
7e-05 35
7.1e-05 35
7.2e-05 35
7.3e-05 35
7.4e-05 35
7.5e-05 35
7.6e-05 35
7.7e-05 35
7.8e-05 35
7.9e-05 35
8e-05 35
8.1e-05 35
8.2e-05 35
8.3e-05 35
8.4e-05 35
8.5e-05 35
8.6e-05 35
8.7e-05 35
8.8e-05 35
8.9e-05 35
9e-05 35
9.1e-05 35
9.2e-05 35
9.3e-05 35
9.4e-05 35
9.5e-05 35
9.6e-05 35
9.7e-05 35
9.8e-05 35
9.9e-05 35
0.0001 35
0.000101 35
0.000102 35
0.000103 35
0.000104 35
0.000105 35
0.000106 35
0.000107 35
0.000108 35
0.000109 35
0.00011 35
0.000111 35
0.000112 35
0.000113 35
0.000114 35
0.000115 35
0.000116 35
0.000117 35
0.000118 35
0.000119 35
0.00012 35
0.000121 35
0.000122 35
0.000123 35
0.000124 35
0.000125 35
0.000126 35
0.000127 35
0.000128 35
0.000129 35
0.00013 35
0.000131 35
0.000132 35
0.000133 35
0.000134 35
0.000135 35
0.000136 35
0.000137 35
0.000138 35
0.000139 35
0.00014 35
0.000141 35
0.000142 35
0.000143 35
0.000144 35
0.000145 35
0.000146 35
0.000147 35
0.000148 35
0.000149 35
0.00015 35
0.000151 35
0.000152 35
0.000153 35
0.000154 35
0.000155 35
0.000156 35
0.000157 35
0.000158 35
0.000159 35
0.00016 35
0.000161 35
0.000162 35
0.000163 35
0.000164 35
0.000165 35
0.000166 35
0.000167 35
0.000168 35
0.000169 35
0.00017 35
0.000171 35
0.000172 35
0.000173 35
0.000174 35
0.000175 35
0.000176 35
0.000177 35
0.000178 35
0.000179 35
0.00018 35
0.000181 35
0.000182 35
0.000183 35
0.000184 35
0.000185 35
0.000186 35
0.000187 35
0.000188 35
0.000189 35
0.00019 35
0.000191 35
0.000192 35
0.000193 35
0.000194 35
0.000195 35
0.000196 35
0.000197 35
0.000198 35
0.000199 35
0.0002 35
0.000201 35
0.000202 35
0.000203 35
0.000204 35
0.000205 35
0.000206 35
0.000207 35
0.000208 35
0.000209 35
0.00021 35
0.000211 35
0.000212 35
0.000213 35
0.000214 35
0.000215 35
0.000216 35
0.000217 35
0.000218 35
0.000219 35
0.00022 35
0.000221 35
0.000222 35
0.000223 35
0.000224 35
0.000225 35
0.000226 35
0.000227 35
0.000228 35
0.000229 35
0.00023 35
0.000231 35
0.000232 35
0.000233 35
0.000234 35
0.000235 35
0.000236 35
0.000237 35
0.000238 35
0.000239 35
0.00024 35
0.000241 35
0.000242 35
0.000243 35
0.000244 35
0.000245 35
0.000246 35
0.000247 35
0.000248 35
0.000249 35
0.00025 35
0.000251 35
0.000252 35
0.000253 35
0.000254 35
0.000255 35
0.000256 35
0.000257 35
0.000258 35
0.000259 35
0.00026 35
0.000261 35
0.000262 35
0.000263 35
0.000264 35
0.000265 35
0.000266 35
0.000267 35
0.000268 35
0.000269 35
0.00027 35
0.000271 35
0.000272 35
0.000273 35
0.000274 35
0.000275 35
0.000276 35
0.000277 35
0.000278 35
0.000279 35
0.00028 35
0.000281 35
0.000282 35
0.000283 35
0.000284 35
0.000285 35
0.000286 35
0.000287 35
0.000288 35
0.000289 35
0.00029 35
0.000291 35
0.000292 35
0.000293 35
0.000294 35
0.000295 35
0.000296 35
0.000297 35
0.000298 35
0.000299 35
0.0003 35
0.000301 35
0.000302 35
0.000303 35
0.000304 35
0.000305 35
0.000306 35
0.000307 35
0.000308 35
0.000309 35
0.00031 35
0.000311 35
0.000312 35
0.000313 35
0.000314 35
0.000315 35
0.000316 35
0.000317 35
0.000318 35
0.000319 35
0.00032 35
0.000321 35
0.000322 35
0.000323 35
0.000324 35
0.000325 35
0.000326 35
0.000327 35
0.000328 35
0.000329 35
0.00033 35
0.000331 35
0.000332 35
0.000333 35
0.000334 35
0.000335 35
0.000336 35
0.000337 35
0.000338 35
0.000339 35
0.00034 35
0.000341 35
0.000342 35
0.000343 35
0.000344 35
0.000345 35
0.000346 35
0.000347 35
0.000348 35
0.000349 35
0.00035 35
0.000351 35
0.000352 35
0.000353 35
0.000354 35
0.000355 35
0.000356 35
0.000357 35
0.000358 35
0.000359 35
0.00036 35
0.000361 35
0.000362 35
0.000363 35
0.000364 35
0.000365 35
0.000366 35
0.000367 35
0.000368 35
0.000369 35
0.00037 35
0.000371 35
0.000372 35
0.000373 35
0.000374 35
0.000375 35
0.000376 35
0.000377 35
0.000378 35
0.000379 35
0.00038 35
0.000381 35
0.000382 35
0.000383 35
0.000384 35
0.000385 35
0.000386 35
0.000387 35
0.000388 35
0.000389 35
0.00039 35
0.000391 35
0.000392 35
0.000393 35
0.000394 35
0.000395 35
0.000396 35
0.000397 35
0.000398 35
0.000399 35
0.0004 35
0.000401 35
0.000402 35
0.000403 35
0.000404 35
0.000405 35
0.000406 35
0.000407 35
0.000408 35
0.000409 35
0.00041 35
0.000411 35
0.000412 35
0.000413 35
0.000414 35
0.000415 35
0.000416 35
0.000417 35
0.000418 35
0.000419 35
0.00042 35
0.000421 35
0.000422 35
0.000423 35
0.000424 35
0.000425 35
0.000426 35
0.000427 35
0.000428 35
0.000429 35
0.00043 35
0.000431 35
0.000432 35
0.000433 35
0.000434 35
0.000435 35
0.000436 35
0.000437 35
0.000438 35
0.000439 35
0.00044 35
0.000441 35
0.000442 35
0.000443 35
0.000444 35
0.000445 35
0.000446 35
0.000447 35
0.000448 35
0.000449 35
0.00045 35
0.000451 35
0.000452 35
0.000453 35
0.000454 35
0.000455 35
0.000456 35
0.000457 35
0.000458 35
0.000459 35
0.00046 35
0.000461 35
0.000462 35
0.000463 35
0.000464 35
0.000465 35
0.000466 35
0.000467 35
0.000468 35
0.000469 35
0.00047 35
0.000471 35
0.000472 35
0.000473 35
0.000474 35
0.000475 35
0.000476 35
0.000477 35
0.000478 35
0.000479 35
0.00048 35
0.000481 35
0.000482 35
0.000483 35
0.000484 35
0.000485 35
0.000486 35
0.000487 35
0.000488 35
0.000489 35
0.00049 35
0.000491 35
0.000492 35
0.000493 35
0.000494 35
0.000495 35
0.000496 35
0.000497 35
0.000498 35
0.000499 35
0.0005 35
0.000501 35
0.000502 35
0.000503 35
0.000504 35
0.000505 35
0.000506 35
0.000507 35
0.000508 35
0.000509 35
0.00051 35
0.000511 35
0.000512 35
0.000513 35
0.000514 35
0.000515 35
0.000516 35
0.000517 35
0.000518 35
0.000519 35
0.00052 35
0.000521 35
0.000522 35
0.000523 35
0.000524 35
0.000525 35
0.000526 35
0.000527 35
0.000528 35
0.000529 35
0.00053 35
0.000531 35
0.000532 35
0.000533 35
0.000534 35
0.000535 35
0.000536 35
0.000537 35
0.000538 35
0.000539 35
0.00054 35
0.000541 35
0.000542 35
0.000543 35
0.000544 35
0.000545 35
0.000546 35
0.000547 35
0.000548 35
0.000549 35
0.00055 35
0.000551 35
0.000552 35
0.000553 35
0.000554 35
0.000555 35
0.000556 35
0.000557 35
0.000558 35
0.000559 35
0.00056 35
0.000561 35
0.000562 35
0.000563 35
0.000564 35
0.000565 35
0.000566 35
0.000567 35
0.000568 35
0.000569 35
0.00057 35
0.000571 35
0.000572 35
0.000573 35
0.000574 35
0.000575 35
0.000576 35
0.000577 35
0.000578 35
0.000579 35
0.00058 35
0.000581 35
0.000582 35
0.000583 35
0.000584 35
0.000585 35
0.000586 35
0.000587 35
0.000588 35
0.000589 35
0.00059 35
0.000591 35
0.000592 35
0.000593 35
0.000594 35
0.000595 35
0.000596 35
0.000597 35
0.000598 35
0.000599 35
0.0006 35
0.000601 35
0.000602 35
0.000603 35
0.000604 35
0.000605 35
0.000606 35
0.000607 35
0.000608 35
0.000609 35
0.00061 35
0.000611 35
0.000612 35
0.000613 35
0.000614 35
0.000615 35
0.000616 35
0.000617 35
0.000618 35
0.000619 35
0.00062 35
0.000621 35
0.000622 35
0.000623 35
0.000624 35
0.000625 35
0.000626 35
0.000627 35
0.000628 35
0.000629 35
0.00063 35
0.000631 35
0.000632 35
0.000633 35
0.000634 35
0.000635 35
0.000636 35
0.000637 35
0.000638 35
0.000639 35
0.00064 35
0.000641 35
0.000642 35
0.000643 35
0.000644 35
0.000645 35
0.000646 35
0.000647 35
0.000648 35
0.000649 35
0.00065 35
0.000651 35
0.000652 35
0.000653 35
0.000654 35
0.000655 35
0.000656 35
0.000657 35
0.000658 35
0.000659 35
0.00066 35
0.000661 35
0.000662 35
0.000663 35
0.000664 35
0.000665 35
0.000666 35
0.000667 35
0.000668 35
0.000669 35
0.00067 35
0.000671 35
0.000672 35
0.000673 35
0.000674 35
0.000675 35
0.000676 35
0.000677 35
0.000678 35
0.000679 35
0.00068 35
0.000681 35
0.000682 35
0.000683 35
0.000684 35
0.000685 35
0.000686 35
0.000687 35
0.000688 35
0.000689 35
0.00069 35
0.000691 35
0.000692 35
0.000693 35
0.000694 35
0.000695 35
0.000696 35
0.000697 35
0.000698 35
0.000699 35
0.0007 35
0.000701 35
0.000702 35
0.000703 35
0.000704 35
0.000705 35
0.000706 35
0.000707 35
0.000708 35
0.000709 35
0.00071 35
0.000711 35
0.000712 35
0.000713 35
0.000714 35
0.000715 35
0.000716 35
0.000717 35
0.000718 35
0.000719 35
0.00072 35
0.000721 35
0.000722 35
0.000723 35
0.000724 35
0.000725 35
0.000726 35
0.000727 35
0.000728 35
0.000729 35
0.00073 35
0.000731 35
0.000732 35
0.000733 35
0.000734 35
0.000735 35
0.000736 35
0.000737 35
0.000738 35
0.000739 35
0.00074 35
0.000741 35
0.000742 35
0.000743 35
0.000744 35
0.000745 35
0.000746 35
0.000747 35
0.000748 35
0.000749 35
0.00075 35
0.000751 35
0.000752 35
0.000753 35
0.000754 35
0.000755 35
0.000756 35
0.000757 35
0.000758 35
0.000759 35
0.00076 35
0.000761 35
0.000762 35
0.000763 35
0.000764 35
0.000765 35
0.000766 35
0.000767 35
0.000768 35
0.000769 35
0.00077 35
0.000771 35
0.000772 35
0.000773 35
0.000774 35
0.000775 35
0.000776 35
0.000777 35
0.000778 35
0.000779 35
0.00078 35
0.000781 35
0.000782 35
0.000783 35
0.000784 35
0.000785 35
0.000786 35
0.000787 35
0.000788 35
0.000789 35
0.00079 35
0.000791 35
0.000792 35
0.000793 35
0.000794 35
0.000795 35
0.000796 35
0.000797 35
0.000798 35
0.000799 35
0.0008 35
0.000801 35
0.000802 35
0.000803 35
0.000804 35
0.000805 35
0.000806 35
0.000807 35
0.000808 35
0.000809 35
0.00081 35
0.000811 35
0.000812 35
0.000813 35
0.000814 35
0.000815 35
0.000816 35
0.000817 35
0.000818 35
0.000819 35
0.00082 35
0.000821 35
0.000822 35
0.000823 35
0.000824 35
0.000825 35
0.000826 35
0.000827 35
0.000828 35
0.000829 35
0.00083 35
0.000831 35
0.000832 35
0.000833 35
0.000834 35
0.000835 35
0.000836 35
0.000837 35
0.000838 35
0.000839 35
0.00084 35
0.000841 35
0.000842 35
0.000843 35
0.000844 35
0.000845 35
0.000846 35
0.000847 35
0.000848 35
0.000849 35
0.00085 35
0.000851 35
0.000852 35
0.000853 35
0.000854 35
0.000855 35
0.000856 35
0.000857 35
0.000858 35
0.000859 35
0.00086 35
0.000861 35
0.000862 35
0.000863 35
0.000864 35
0.000865 35
0.000866 35
0.000867 35
0.000868 35
0.000869 35
0.00087 35
0.000871 35
0.000872 35
0.000873 35
0.000874 35
0.000875 35
0.000876 35
0.000877 35
0.000878 35
0.000879 35
0.00088 35
0.000881 35
0.000882 35
0.000883 35
0.000884 35
0.000885 35
0.000886 35
0.000887 35
0.000888 35
0.000889 35
0.00089 35
0.000891 35
0.000892 35
0.000893 35
0.000894 35
0.000895 35
0.000896 35
0.000897 35
0.000898 35
0.000899 35
0.0009 35
0.000901 35
0.000902 35
0.000903 35
0.000904 35
0.000905 35
0.000906 35
0.000907 35
0.000908 35
0.000909 35
0.00091 35
0.000911 35
0.000912 35
0.000913 35
0.000914 35
0.000915 35
0.000916 35
0.000917 35
0.000918 35
0.000919 35
0.00092 35
0.000921 35
0.000922 35
0.000923 35
0.000924 35
0.000925 35
0.000926 35
0.000927 35
0.000928 35
0.000929 35
0.00093 35
0.000931 35
0.000932 35
0.000933 35
0.000934 35
0.000935 35
0.000936 35
0.000937 35
0.000938 35
0.000939 35
0.00094 35
0.000941 35
0.000942 35
0.000943 35
0.000944 35
0.000945 35
0.000946 35
0.000947 35
0.000948 35
0.000949 35
0.00095 35
0.000951 35
0.000952 35
0.000953 35
0.000954 35
0.000955 35
0.000956 35
0.000957 35
0.000958 35
0.000959 35
0.00096 35
0.000961 35
0.000962 35
0.000963 35
0.000964 35
0.000965 35
0.000966 35
0.000967 35
0.000968 35
0.000969 35
0.00097 35
0.000971 35
0.000972 35
0.000973 35
0.000974 35
0.000975 35
0.000976 35
0.000977 35
0.000978 35
0.000979 35
0.00098 35
0.000981 35
0.000982 35
0.000983 35
0.000984 35
0.000985 35
0.000986 35
0.000987 35
0.000988 35
0.000989 35
0.00099 35
0.000991 35
0.000992 35
0.000993 35
0.000994 35
0.000995 35
0.000996 35
0.000997 35
0.000998 35
0.000999 35
0.001 35
