0 500
1e-06 499
2e-06 498
3e-06 497
4e-06 496
5e-06 495
6e-06 495
7e-06 495
8e-06 495
9e-06 495
1e-05 495
1.1e-05 495
1.2e-05 495
1.3e-05 495
1.4e-05 494
1.5e-05 493
1.6e-05 493
1.7e-05 493
1.8e-05 493
1.9e-05 493
2e-05 493
2.1e-05 493
2.2e-05 493
2.3e-05 493
2.4e-05 493
2.5e-05 493
2.6e-05 493
2.7e-05 493
2.8e-05 493
2.9e-05 493
3e-05 493
3.1e-05 493
3.2e-05 492
3.3e-05 492
3.4e-05 492
3.5e-05 492
3.6e-05 492
3.7e-05 492
3.8e-05 492
3.9e-05 492
4e-05 492
4.1e-05 491
4.2e-05 491
4.3e-05 491
4.4e-05 491
4.5e-05 491
4.6e-05 491
4.7e-05 491
4.8e-05 491
4.9e-05 491
5e-05 491
5.1e-05 491
5.2e-05 491
5.3e-05 491
5.4e-05 491
5.5e-05 491
5.6e-05 491
5.7e-05 491
5.8e-05 491
5.9e-05 491
6e-05 491
6.1e-05 491
6.2e-05 491
6.3e-05 491
6.4e-05 491
6.5e-05 491
6.6e-05 491
6.7e-05 491
6.8e-05 491
6.9e-05 491
7e-05 491
7.1e-05 491
7.2e-05 491
7.3e-05 491
7.4e-05 491
7.5e-05 491
7.6e-05 491
7.7e-05 491
7.8e-05 491
7.9e-05 491
8e-05 491
8.1e-05 491
8.2e-05 491
8.3e-05 491
8.4e-05 491
8.5e-05 491
8.6e-05 491
8.7e-05 491
8.8e-05 491
8.9e-05 491
9e-05 491
9.1e-05 491
9.2e-05 491
9.3e-05 491
9.4e-05 491
9.5e-05 491
9.6e-05 491
9.7e-05 491
9.8e-05 491
9.9e-05 490
0.0001 490
0.000101 490
0.000102 490
0.000103 490
0.000104 490
0.000105 490
0.000106 490
0.000107 490
0.000108 490
0.000109 490
0.00011 490
0.000111 490
0.000112 490
0.000113 490
0.000114 490
0.000115 490
0.000116 490
0.000117 490
0.000118 490
0.000119 490
0.00012 490
0.000121 490
0.000122 490
0.000123 490
0.000124 490
0.000125 490
0.000126 490
0.000127 490
0.000128 490
0.000129 490
0.00013 490
0.000131 490
0.000132 490
0.000133 490
0.000134 490
0.000135 490
0.000136 490
0.000137 490
0.000138 490
0.000139 490
0.00014 490
0.000141 490
0.000142 490
0.000143 490
0.000144 490
0.000145 490
0.000146 490
0.000147 490
0.000148 490
0.000149 490
0.00015 490
0.000151 490
0.000152 490
0.000153 490
0.000154 490
0.000155 490
0.000156 490
0.000157 490
0.000158 490
0.000159 490
0.00016 490
0.000161 490
0.000162 490
0.000163 490
0.000164 490
0.000165 490
0.000166 490
0.000167 490
0.000168 490
0.000169 490
0.00017 490
0.000171 490
0.000172 490
0.000173 490
0.000174 490
0.000175 490
0.000176 490
0.000177 490
0.000178 490
0.000179 490
0.00018 490
0.000181 490
0.000182 490
0.000183 490
0.000184 490
0.000185 490
0.000186 490
0.000187 490
0.000188 490
0.000189 490
0.00019 490
0.000191 490
0.000192 490
0.000193 490
0.000194 490
0.000195 490
0.000196 490
0.000197 490
0.000198 490
0.000199 490
0.0002 490
0.000201 490
0.000202 490
0.000203 490
0.000204 490
0.000205 490
0.000206 490
0.000207 490
0.000208 490
0.000209 490
0.00021 490
0.000211 490
0.000212 490
0.000213 490
0.000214 490
0.000215 490
0.000216 490
0.000217 490
0.000218 490
0.000219 490
0.00022 490
0.000221 490
0.000222 490
0.000223 490
0.000224 490
0.000225 490
0.000226 490
0.000227 490
0.000228 490
0.000229 490
0.00023 490
0.000231 490
0.000232 490
0.000233 490
0.000234 490
0.000235 490
0.000236 490
0.000237 490
0.000238 490
0.000239 490
0.00024 490
0.000241 490
0.000242 490
0.000243 490
0.000244 490
0.000245 490
0.000246 490
0.000247 490
0.000248 490
0.000249 490
0.00025 490
0.000251 490
0.000252 490
0.000253 490
0.000254 490
0.000255 490
0.000256 490
0.000257 490
0.000258 490
0.000259 490
0.00026 490
0.000261 490
0.000262 490
0.000263 490
0.000264 490
0.000265 490
0.000266 490
0.000267 490
0.000268 490
0.000269 490
0.00027 490
0.000271 490
0.000272 490
0.000273 490
0.000274 490
0.000275 490
0.000276 490
0.000277 490
0.000278 490
0.000279 490
0.00028 490
0.000281 490
0.000282 490
0.000283 490
0.000284 490
0.000285 490
0.000286 490
0.000287 490
0.000288 490
0.000289 490
0.00029 490
0.000291 490
0.000292 490
0.000293 490
0.000294 490
0.000295 490
0.000296 490
0.000297 490
0.000298 490
0.000299 490
0.0003 490
0.000301 490
0.000302 490
0.000303 490
0.000304 490
0.000305 490
0.000306 490
0.000307 490
0.000308 490
0.000309 490
0.00031 490
0.000311 490
0.000312 490
0.000313 490
0.000314 490
0.000315 490
0.000316 490
0.000317 490
0.000318 490
0.000319 490
0.00032 490
0.000321 490
0.000322 490
0.000323 490
0.000324 490
0.000325 490
0.000326 490
0.000327 490
0.000328 490
0.000329 490
0.00033 490
0.000331 490
0.000332 490
0.000333 490
0.000334 490
0.000335 490
0.000336 490
0.000337 490
0.000338 490
0.000339 490
0.00034 490
0.000341 490
0.000342 490
0.000343 490
0.000344 490
0.000345 490
0.000346 490
0.000347 490
0.000348 490
0.000349 490
0.00035 490
0.000351 490
0.000352 490
0.000353 490
0.000354 490
0.000355 490
0.000356 490
0.000357 490
0.000358 490
0.000359 490
0.00036 490
0.000361 490
0.000362 490
0.000363 490
0.000364 490
0.000365 490
0.000366 490
0.000367 490
0.000368 490
0.000369 490
0.00037 490
0.000371 490
0.000372 490
0.000373 490
0.000374 490
0.000375 490
0.000376 490
0.000377 490
0.000378 490
0.000379 490
0.00038 490
0.000381 490
0.000382 490
0.000383 490
0.000384 490
0.000385 490
0.000386 490
0.000387 490
0.000388 490
0.000389 490
0.00039 490
0.000391 490
0.000392 490
0.000393 490
0.000394 490
0.000395 490
0.000396 490
0.000397 490
0.000398 490
0.000399 490
0.0004 490
0.000401 490
0.000402 490
0.000403 490
0.000404 490
0.000405 490
0.000406 490
0.000407 490
0.000408 490
0.000409 490
0.00041 490
0.000411 490
0.000412 490
0.000413 490
0.000414 490
0.000415 490
0.000416 490
0.000417 490
0.000418 490
0.000419 490
0.00042 490
0.000421 490
0.000422 490
0.000423 490
0.000424 490
0.000425 490
0.000426 490
0.000427 490
0.000428 490
0.000429 490
0.00043 490
0.000431 490
0.000432 490
0.000433 490
0.000434 490
0.000435 490
0.000436 490
0.000437 490
0.000438 490
0.000439 490
0.00044 490
0.000441 490
0.000442 490
0.000443 490
0.000444 490
0.000445 490
0.000446 490
0.000447 490
0.000448 490
0.000449 490
0.00045 490
0.000451 490
0.000452 490
0.000453 490
0.000454 490
0.000455 490
0.000456 490
0.000457 490
0.000458 490
0.000459 490
0.00046 490
0.000461 490
0.000462 490
0.000463 490
0.000464 490
0.000465 490
0.000466 490
0.000467 490
0.000468 490
0.000469 490
0.00047 490
0.000471 490
0.000472 490
0.000473 490
0.000474 490
0.000475 490
0.000476 490
0.000477 490
0.000478 490
0.000479 490
0.00048 490
0.000481 490
0.000482 490
0.000483 490
0.000484 490
0.000485 490
0.000486 490
0.000487 490
0.000488 490
0.000489 490
0.00049 490
0.000491 490
0.000492 490
0.000493 490
0.000494 490
0.000495 490
0.000496 490
0.000497 490
0.000498 490
0.000499 490
0.0005 490
0.000501 490
0.000502 490
0.000503 490
0.000504 490
0.000505 490
0.000506 490
0.000507 490
0.000508 490
0.000509 490
0.00051 490
0.000511 490
0.000512 490
0.000513 490
0.000514 490
0.000515 490
0.000516 490
0.000517 490
0.000518 490
0.000519 490
0.00052 490
0.000521 490
0.000522 490
0.000523 490
0.000524 490
0.000525 490
0.000526 490
0.000527 490
0.000528 490
0.000529 490
0.00053 490
0.000531 490
0.000532 490
0.000533 490
0.000534 490
0.000535 490
0.000536 490
0.000537 490
0.000538 490
0.000539 490
0.00054 490
0.000541 490
0.000542 490
0.000543 490
0.000544 490
0.000545 490
0.000546 490
0.000547 490
0.000548 490
0.000549 490
0.00055 490
0.000551 490
0.000552 490
0.000553 490
0.000554 490
0.000555 490
0.000556 490
0.000557 490
0.000558 490
0.000559 490
0.00056 490
0.000561 490
0.000562 490
0.000563 490
0.000564 490
0.000565 490
0.000566 490
0.000567 490
0.000568 490
0.000569 490
0.00057 490
0.000571 490
0.000572 490
0.000573 490
0.000574 490
0.000575 490
0.000576 490
0.000577 490
0.000578 490
0.000579 490
0.00058 490
0.000581 490
0.000582 490
0.000583 490
0.000584 490
0.000585 490
0.000586 490
0.000587 490
0.000588 490
0.000589 490
0.00059 490
0.000591 490
0.000592 490
0.000593 490
0.000594 490
0.000595 490
0.000596 490
0.000597 490
0.000598 490
0.000599 490
0.0006 490
0.000601 490
0.000602 490
0.000603 490
0.000604 490
0.000605 490
0.000606 490
0.000607 490
0.000608 490
0.000609 490
0.00061 490
0.000611 490
0.000612 490
0.000613 490
0.000614 490
0.000615 490
0.000616 490
0.000617 490
0.000618 490
0.000619 490
0.00062 490
0.000621 490
0.000622 490
0.000623 490
0.000624 490
0.000625 490
0.000626 490
0.000627 490
0.000628 490
0.000629 490
0.00063 490
0.000631 490
0.000632 490
0.000633 490
0.000634 490
0.000635 490
0.000636 490
0.000637 490
0.000638 490
0.000639 490
0.00064 490
0.000641 490
0.000642 490
0.000643 490
0.000644 490
0.000645 490
0.000646 490
0.000647 490
0.000648 490
0.000649 490
0.00065 490
0.000651 490
0.000652 490
0.000653 490
0.000654 490
0.000655 490
0.000656 490
0.000657 490
0.000658 490
0.000659 490
0.00066 490
0.000661 490
0.000662 490
0.000663 490
0.000664 490
0.000665 490
0.000666 490
0.000667 490
0.000668 490
0.000669 490
0.00067 490
0.000671 490
0.000672 490
0.000673 490
0.000674 490
0.000675 490
0.000676 490
0.000677 490
0.000678 490
0.000679 490
0.00068 490
0.000681 490
0.000682 490
0.000683 490
0.000684 490
0.000685 490
0.000686 490
0.000687 490
0.000688 490
0.000689 490
0.00069 490
0.000691 490
0.000692 490
0.000693 490
0.000694 490
0.000695 490
0.000696 490
0.000697 490
0.000698 490
0.000699 490
0.0007 490
0.000701 490
0.000702 490
0.000703 490
0.000704 490
0.000705 490
0.000706 490
0.000707 490
0.000708 490
0.000709 490
0.00071 490
0.000711 490
0.000712 490
0.000713 490
0.000714 490
0.000715 490
0.000716 490
0.000717 490
0.000718 490
0.000719 490
0.00072 490
0.000721 490
0.000722 490
0.000723 490
0.000724 490
0.000725 490
0.000726 490
0.000727 490
0.000728 490
0.000729 490
0.00073 490
0.000731 490
0.000732 490
0.000733 490
0.000734 490
0.000735 490
0.000736 490
0.000737 490
0.000738 490
0.000739 490
0.00074 490
0.000741 490
0.000742 490
0.000743 490
0.000744 490
0.000745 490
0.000746 490
0.000747 490
0.000748 490
0.000749 490
0.00075 490
0.000751 490
0.000752 490
0.000753 490
0.000754 490
0.000755 490
0.000756 490
0.000757 490
0.000758 490
0.000759 490
0.00076 490
0.000761 490
0.000762 490
0.000763 490
0.000764 490
0.000765 490
0.000766 490
0.000767 490
0.000768 490
0.000769 490
0.00077 490
0.000771 490
0.000772 490
0.000773 490
0.000774 490
0.000775 490
0.000776 490
0.000777 490
0.000778 490
0.000779 490
0.00078 490
0.000781 490
0.000782 490
0.000783 490
0.000784 490
0.000785 490
0.000786 490
0.000787 490
0.000788 490
0.000789 490
0.00079 490
0.000791 490
0.000792 490
0.000793 490
0.000794 490
0.000795 490
0.000796 490
0.000797 490
0.000798 490
0.000799 490
0.0008 490
0.000801 490
0.000802 490
0.000803 490
0.000804 490
0.000805 490
0.000806 490
0.000807 490
0.000808 490
0.000809 490
0.00081 490
0.000811 490
0.000812 490
0.000813 490
0.000814 490
0.000815 490
0.000816 490
0.000817 490
0.000818 490
0.000819 490
0.00082 490
0.000821 490
0.000822 490
0.000823 490
0.000824 490
0.000825 490
0.000826 490
0.000827 490
0.000828 490
0.000829 490
0.00083 490
0.000831 490
0.000832 490
0.000833 490
0.000834 490
0.000835 490
0.000836 490
0.000837 490
0.000838 490
0.000839 490
0.00084 490
0.000841 490
0.000842 490
0.000843 490
0.000844 490
0.000845 490
0.000846 490
0.000847 490
0.000848 490
0.000849 490
0.00085 490
0.000851 490
0.000852 490
0.000853 490
0.000854 490
0.000855 490
0.000856 490
0.000857 490
0.000858 490
0.000859 490
0.00086 490
0.000861 490
0.000862 490
0.000863 490
0.000864 490
0.000865 490
0.000866 490
0.000867 490
0.000868 490
0.000869 490
0.00087 490
0.000871 490
0.000872 490
0.000873 490
0.000874 490
0.000875 490
0.000876 490
0.000877 490
0.000878 490
0.000879 490
0.00088 490
0.000881 490
0.000882 490
0.000883 490
0.000884 490
0.000885 490
0.000886 490
0.000887 490
0.000888 490
0.000889 490
0.00089 490
0.000891 490
0.000892 490
0.000893 490
0.000894 490
0.000895 490
0.000896 490
0.000897 490
0.000898 490
0.000899 490
0.0009 490
0.000901 490
0.000902 490
0.000903 490
0.000904 490
0.000905 490
0.000906 490
0.000907 490
0.000908 490
0.000909 490
0.00091 490
0.000911 490
0.000912 490
0.000913 490
0.000914 490
0.000915 490
0.000916 490
0.000917 490
0.000918 490
0.000919 490
0.00092 490
0.000921 490
0.000922 490
0.000923 490
0.000924 490
0.000925 490
0.000926 490
0.000927 490
0.000928 490
0.000929 490
0.00093 490
0.000931 490
0.000932 490
0.000933 490
0.000934 490
0.000935 490
0.000936 490
0.000937 490
0.000938 490
0.000939 490
0.00094 490
0.000941 490
0.000942 490
0.000943 490
0.000944 490
0.000945 490
0.000946 490
0.000947 490
0.000948 490
0.000949 490
0.00095 490
0.000951 490
0.000952 490
0.000953 490
0.000954 490
0.000955 490
0.000956 490
0.000957 490
0.000958 490
0.000959 490
0.00096 490
0.000961 490
0.000962 490
0.000963 490
0.000964 490
0.000965 490
0.000966 490
0.000967 490
0.000968 490
0.000969 490
0.00097 490
0.000971 490
0.000972 490
0.000973 490
0.000974 490
0.000975 490
0.000976 490
0.000977 490
0.000978 490
0.000979 490
0.00098 490
0.000981 490
0.000982 490
0.000983 490
0.000984 490
0.000985 490
0.000986 490
0.000987 490
0.000988 490
0.000989 490
0.00099 490
0.000991 490
0.000992 490
0.000993 490
0.000994 490
0.000995 490
0.000996 490
0.000997 490
0.000998 490
0.000999 490
0.001 490
