0 35
1e-06 34
2e-06 33
3e-06 32
4e-06 32
5e-06 31
6e-06 31
7e-06 31
8e-06 31
9e-06 31
1e-05 31
1.1e-05 31
1.2e-05 31
1.3e-05 31
1.4e-05 30
1.5e-05 30
1.6e-05 30
1.7e-05 30
1.8e-05 30
1.9e-05 30
2e-05 30
2.1e-05 30
2.2e-05 30
2.3e-05 30
2.4e-05 30
2.5e-05 30
2.6e-05 30
2.7e-05 30
2.8e-05 30
2.9e-05 30
3e-05 30
3.1e-05 30
3.2e-05 29
3.3e-05 29
3.4e-05 29
3.5e-05 29
3.6e-05 29
3.7e-05 29
3.8e-05 29
3.9e-05 29
4e-05 29
4.1e-05 28
4.2e-05 28
4.3e-05 28
4.4e-05 28
4.5e-05 28
4.6e-05 28
4.7e-05 28
4.8e-05 28
4.9e-05 28
5e-05 28
5.1e-05 28
5.2e-05 28
5.3e-05 28
5.4e-05 28
5.5e-05 28
5.6e-05 28
5.7e-05 28
5.8e-05 28
5.9e-05 28
6e-05 28
6.1e-05 28
6.2e-05 28
6.3e-05 28
6.4e-05 28
6.5e-05 28
6.6e-05 28
6.7e-05 28
6.8e-05 28
6.9e-05 28
7e-05 28
7.1e-05 28
7.2e-05 28
7.3e-05 28
7.4e-05 28
7.5e-05 28
7.6e-05 28
7.7e-05 28
7.8e-05 28
7.9e-05 28
8e-05 28
8.1e-05 28
8.2e-05 28
8.3e-05 28
8.4e-05 28
8.5e-05 28
8.6e-05 28
8.7e-05 28
8.8e-05 28
8.9e-05 28
9e-05 28
9.1e-05 28
9.2e-05 28
9.3e-05 28
9.4e-05 28
9.5e-05 28
9.6e-05 28
9.7e-05 28
9.8e-05 28
9.9e-05 28
0.0001 28
0.000101 28
0.000102 28
0.000103 28
0.000104 28
0.000105 28
0.000106 28
0.000107 28
0.000108 28
0.000109 28
0.00011 28
0.000111 28
0.000112 28
0.000113 28
0.000114 28
0.000115 28
0.000116 28
0.000117 28
0.000118 28
0.000119 28
0.00012 28
0.000121 28
0.000122 28
0.000123 28
0.000124 28
0.000125 28
0.000126 28
0.000127 28
0.000128 28
0.000129 28
0.00013 28
0.000131 28
0.000132 28
0.000133 28
0.000134 28
0.000135 28
0.000136 28
0.000137 28
0.000138 28
0.000139 28
0.00014 28
0.000141 28
0.000142 28
0.000143 28
0.000144 28
0.000145 28
0.000146 28
0.000147 28
0.000148 28
0.000149 28
0.00015 28
0.000151 28
0.000152 28
0.000153 28
0.000154 28
0.000155 28
0.000156 28
0.000157 28
0.000158 28
0.000159 28
0.00016 28
0.000161 28
0.000162 28
0.000163 28
0.000164 28
0.000165 28
0.000166 28
0.000167 28
0.000168 28
0.000169 28
0.00017 28
0.000171 28
0.000172 28
0.000173 28
0.000174 28
0.000175 28
0.000176 28
0.000177 28
0.000178 28
0.000179 28
0.00018 28
0.000181 28
0.000182 28
0.000183 28
0.000184 28
0.000185 28
0.000186 28
0.000187 28
0.000188 28
0.000189 28
0.00019 28
0.000191 28
0.000192 28
0.000193 28
0.000194 28
0.000195 28
0.000196 28
0.000197 28
0.000198 28
0.000199 28
0.0002 28
0.000201 28
0.000202 28
0.000203 28
0.000204 28
0.000205 28
0.000206 28
0.000207 28
0.000208 28
0.000209 28
0.00021 28
0.000211 28
0.000212 28
0.000213 28
0.000214 28
0.000215 28
0.000216 28
0.000217 28
0.000218 28
0.000219 28
0.00022 28
0.000221 28
0.000222 28
0.000223 28
0.000224 28
0.000225 28
0.000226 28
0.000227 28
0.000228 28
0.000229 28
0.00023 28
0.000231 28
0.000232 28
0.000233 28
0.000234 28
0.000235 28
0.000236 28
0.000237 28
0.000238 28
0.000239 28
0.00024 28
0.000241 28
0.000242 28
0.000243 28
0.000244 28
0.000245 28
0.000246 28
0.000247 28
0.000248 28
0.000249 28
0.00025 28
0.000251 28
0.000252 28
0.000253 28
0.000254 28
0.000255 28
0.000256 28
0.000257 28
0.000258 28
0.000259 28
0.00026 28
0.000261 28
0.000262 28
0.000263 28
0.000264 28
0.000265 28
0.000266 28
0.000267 28
0.000268 28
0.000269 28
0.00027 28
0.000271 28
0.000272 28
0.000273 28
0.000274 28
0.000275 28
0.000276 28
0.000277 28
0.000278 28
0.000279 28
0.00028 28
0.000281 28
0.000282 28
0.000283 28
0.000284 28
0.000285 28
0.000286 28
0.000287 28
0.000288 28
0.000289 28
0.00029 28
0.000291 28
0.000292 28
0.000293 28
0.000294 28
0.000295 28
0.000296 28
0.000297 28
0.000298 28
0.000299 28
0.0003 28
0.000301 28
0.000302 28
0.000303 28
0.000304 28
0.000305 28
0.000306 28
0.000307 28
0.000308 28
0.000309 28
0.00031 28
0.000311 28
0.000312 28
0.000313 28
0.000314 28
0.000315 28
0.000316 28
0.000317 28
0.000318 28
0.000319 28
0.00032 28
0.000321 28
0.000322 28
0.000323 28
0.000324 28
0.000325 28
0.000326 28
0.000327 28
0.000328 28
0.000329 28
0.00033 28
0.000331 28
0.000332 28
0.000333 28
0.000334 28
0.000335 28
0.000336 28
0.000337 28
0.000338 28
0.000339 28
0.00034 28
0.000341 28
0.000342 28
0.000343 28
0.000344 28
0.000345 28
0.000346 28
0.000347 28
0.000348 28
0.000349 28
0.00035 28
0.000351 28
0.000352 28
0.000353 28
0.000354 28
0.000355 28
0.000356 28
0.000357 28
0.000358 28
0.000359 28
0.00036 28
0.000361 28
0.000362 28
0.000363 28
0.000364 28
0.000365 28
0.000366 28
0.000367 28
0.000368 28
0.000369 28
0.00037 28
0.000371 28
0.000372 28
0.000373 28
0.000374 28
0.000375 28
0.000376 28
0.000377 28
0.000378 28
0.000379 28
0.00038 28
0.000381 28
0.000382 28
0.000383 28
0.000384 28
0.000385 28
0.000386 28
0.000387 28
0.000388 28
0.000389 28
0.00039 28
0.000391 28
0.000392 28
0.000393 28
0.000394 28
0.000395 28
0.000396 28
0.000397 28
0.000398 28
0.000399 28
0.0004 28
0.000401 28
0.000402 28
0.000403 28
0.000404 28
0.000405 28
0.000406 28
0.000407 28
0.000408 28
0.000409 28
0.00041 28
0.000411 28
0.000412 28
0.000413 28
0.000414 28
0.000415 28
0.000416 28
0.000417 28
0.000418 28
0.000419 28
0.00042 28
0.000421 28
0.000422 28
0.000423 28
0.000424 28
0.000425 28
0.000426 28
0.000427 28
0.000428 28
0.000429 28
0.00043 28
0.000431 28
0.000432 28
0.000433 28
0.000434 28
0.000435 28
0.000436 28
0.000437 28
0.000438 28
0.000439 28
0.00044 28
0.000441 28
0.000442 28
0.000443 28
0.000444 28
0.000445 28
0.000446 28
0.000447 28
0.000448 28
0.000449 28
0.00045 28
0.000451 28
0.000452 28
0.000453 28
0.000454 28
0.000455 28
0.000456 28
0.000457 28
0.000458 28
0.000459 28
0.00046 28
0.000461 28
0.000462 28
0.000463 28
0.000464 28
0.000465 28
0.000466 28
0.000467 28
0.000468 28
0.000469 28
0.00047 28
0.000471 28
0.000472 28
0.000473 28
0.000474 28
0.000475 28
0.000476 28
0.000477 28
0.000478 28
0.000479 28
0.00048 28
0.000481 28
0.000482 28
0.000483 28
0.000484 28
0.000485 28
0.000486 28
0.000487 28
0.000488 28
0.000489 28
0.00049 28
0.000491 28
0.000492 28
0.000493 28
0.000494 28
0.000495 28
0.000496 28
0.000497 28
0.000498 28
0.000499 28
0.0005 28
0.000501 28
0.000502 28
0.000503 28
0.000504 28
0.000505 28
0.000506 28
0.000507 28
0.000508 28
0.000509 28
0.00051 28
0.000511 28
0.000512 28
0.000513 28
0.000514 28
0.000515 28
0.000516 28
0.000517 28
0.000518 28
0.000519 28
0.00052 28
0.000521 28
0.000522 28
0.000523 28
0.000524 28
0.000525 28
0.000526 28
0.000527 28
0.000528 28
0.000529 28
0.00053 28
0.000531 28
0.000532 28
0.000533 28
0.000534 28
0.000535 28
0.000536 28
0.000537 28
0.000538 28
0.000539 28
0.00054 28
0.000541 28
0.000542 28
0.000543 28
0.000544 28
0.000545 28
0.000546 28
0.000547 28
0.000548 28
0.000549 28
0.00055 28
0.000551 28
0.000552 28
0.000553 28
0.000554 28
0.000555 28
0.000556 28
0.000557 28
0.000558 28
0.000559 28
0.00056 28
0.000561 28
0.000562 28
0.000563 28
0.000564 28
0.000565 28
0.000566 28
0.000567 28
0.000568 28
0.000569 28
0.00057 28
0.000571 28
0.000572 28
0.000573 28
0.000574 28
0.000575 28
0.000576 28
0.000577 28
0.000578 28
0.000579 28
0.00058 28
0.000581 28
0.000582 28
0.000583 28
0.000584 28
0.000585 28
0.000586 28
0.000587 28
0.000588 28
0.000589 28
0.00059 28
0.000591 28
0.000592 28
0.000593 28
0.000594 28
0.000595 28
0.000596 28
0.000597 28
0.000598 28
0.000599 28
0.0006 28
0.000601 28
0.000602 28
0.000603 28
0.000604 28
0.000605 28
0.000606 28
0.000607 28
0.000608 28
0.000609 28
0.00061 28
0.000611 28
0.000612 28
0.000613 28
0.000614 28
0.000615 28
0.000616 28
0.000617 28
0.000618 28
0.000619 28
0.00062 28
0.000621 28
0.000622 28
0.000623 28
0.000624 28
0.000625 28
0.000626 28
0.000627 28
0.000628 28
0.000629 28
0.00063 28
0.000631 28
0.000632 28
0.000633 28
0.000634 28
0.000635 28
0.000636 28
0.000637 28
0.000638 28
0.000639 28
0.00064 28
0.000641 28
0.000642 28
0.000643 28
0.000644 28
0.000645 28
0.000646 28
0.000647 28
0.000648 28
0.000649 28
0.00065 28
0.000651 28
0.000652 28
0.000653 28
0.000654 28
0.000655 28
0.000656 28
0.000657 28
0.000658 28
0.000659 28
0.00066 28
0.000661 28
0.000662 28
0.000663 28
0.000664 28
0.000665 28
0.000666 28
0.000667 28
0.000668 28
0.000669 28
0.00067 28
0.000671 28
0.000672 28
0.000673 28
0.000674 28
0.000675 28
0.000676 28
0.000677 28
0.000678 28
0.000679 28
0.00068 28
0.000681 28
0.000682 28
0.000683 28
0.000684 28
0.000685 28
0.000686 28
0.000687 28
0.000688 28
0.000689 28
0.00069 28
0.000691 28
0.000692 28
0.000693 28
0.000694 28
0.000695 28
0.000696 28
0.000697 28
0.000698 28
0.000699 28
0.0007 28
0.000701 28
0.000702 28
0.000703 28
0.000704 28
0.000705 28
0.000706 28
0.000707 28
0.000708 28
0.000709 28
0.00071 28
0.000711 28
0.000712 28
0.000713 28
0.000714 28
0.000715 28
0.000716 28
0.000717 28
0.000718 28
0.000719 28
0.00072 28
0.000721 28
0.000722 28
0.000723 28
0.000724 28
0.000725 28
0.000726 28
0.000727 28
0.000728 28
0.000729 28
0.00073 28
0.000731 28
0.000732 28
0.000733 28
0.000734 28
0.000735 28
0.000736 28
0.000737 28
0.000738 28
0.000739 28
0.00074 28
0.000741 28
0.000742 28
0.000743 28
0.000744 28
0.000745 28
0.000746 28
0.000747 28
0.000748 28
0.000749 28
0.00075 28
0.000751 28
0.000752 28
0.000753 28
0.000754 28
0.000755 28
0.000756 28
0.000757 28
0.000758 28
0.000759 28
0.00076 28
0.000761 28
0.000762 28
0.000763 28
0.000764 28
0.000765 28
0.000766 28
0.000767 28
0.000768 28
0.000769 28
0.00077 28
0.000771 28
0.000772 28
0.000773 28
0.000774 28
0.000775 28
0.000776 28
0.000777 28
0.000778 28
0.000779 28
0.00078 28
0.000781 28
0.000782 28
0.000783 28
0.000784 28
0.000785 28
0.000786 28
0.000787 28
0.000788 28
0.000789 28
0.00079 28
0.000791 28
0.000792 28
0.000793 28
0.000794 28
0.000795 28
0.000796 28
0.000797 28
0.000798 28
0.000799 28
0.0008 28
0.000801 28
0.000802 28
0.000803 28
0.000804 28
0.000805 28
0.000806 28
0.000807 28
0.000808 28
0.000809 28
0.00081 28
0.000811 28
0.000812 28
0.000813 28
0.000814 28
0.000815 28
0.000816 28
0.000817 28
0.000818 28
0.000819 28
0.00082 28
0.000821 28
0.000822 28
0.000823 28
0.000824 28
0.000825 28
0.000826 28
0.000827 28
0.000828 28
0.000829 28
0.00083 28
0.000831 28
0.000832 28
0.000833 28
0.000834 28
0.000835 28
0.000836 28
0.000837 28
0.000838 28
0.000839 28
0.00084 28
0.000841 28
0.000842 28
0.000843 28
0.000844 28
0.000845 28
0.000846 28
0.000847 28
0.000848 28
0.000849 28
0.00085 28
0.000851 28
0.000852 28
0.000853 28
0.000854 28
0.000855 28
0.000856 28
0.000857 28
0.000858 28
0.000859 28
0.00086 28
0.000861 28
0.000862 28
0.000863 28
0.000864 28
0.000865 28
0.000866 28
0.000867 28
0.000868 28
0.000869 28
0.00087 28
0.000871 28
0.000872 28
0.000873 28
0.000874 28
0.000875 28
0.000876 28
0.000877 28
0.000878 28
0.000879 28
0.00088 28
0.000881 28
0.000882 28
0.000883 28
0.000884 28
0.000885 28
0.000886 28
0.000887 28
0.000888 28
0.000889 28
0.00089 28
0.000891 28
0.000892 28
0.000893 28
0.000894 28
0.000895 28
0.000896 28
0.000897 28
0.000898 28
0.000899 28
0.0009 28
0.000901 28
0.000902 28
0.000903 28
0.000904 28
0.000905 28
0.000906 28
0.000907 28
0.000908 28
0.000909 28
0.00091 28
0.000911 28
0.000912 28
0.000913 28
0.000914 28
0.000915 28
0.000916 28
0.000917 28
0.000918 28
0.000919 28
0.00092 28
0.000921 28
0.000922 28
0.000923 28
0.000924 28
0.000925 28
0.000926 28
0.000927 28
0.000928 28
0.000929 28
0.00093 28
0.000931 28
0.000932 28
0.000933 28
0.000934 28
0.000935 28
0.000936 28
0.000937 28
0.000938 28
0.000939 28
0.00094 28
0.000941 28
0.000942 28
0.000943 28
0.000944 28
0.000945 28
0.000946 28
0.000947 28
0.000948 28
0.000949 28
0.00095 28
0.000951 28
0.000952 28
0.000953 28
0.000954 28
0.000955 28
0.000956 28
0.000957 28
0.000958 28
0.000959 28
0.00096 28
0.000961 28
0.000962 28
0.000963 28
0.000964 28
0.000965 28
0.000966 28
0.000967 28
0.000968 28
0.000969 28
0.00097 28
0.000971 28
0.000972 28
0.000973 28
0.000974 28
0.000975 28
0.000976 28
0.000977 28
0.000978 28
0.000979 28
0.00098 28
0.000981 28
0.000982 28
0.000983 28
0.000984 28
0.000985 28
0.000986 28
0.000987 28
0.000988 28
0.000989 28
0.00099 28
0.000991 28
0.000992 28
0.000993 28
0.000994 28
0.000995 28
0.000996 28
0.000997 28
0.000998 28
0.000999 28
0.001 28
