0 0
1e-06 1
2e-06 2
3e-06 3
4e-06 2
5e-06 3
6e-06 3
7e-06 3
8e-06 3
9e-06 3
1e-05 3
1.1e-05 3
1.2e-05 3
1.3e-05 3
1.4e-05 4
1.5e-05 3
1.6e-05 3
1.7e-05 3
1.8e-05 3
1.9e-05 3
2e-05 3
2.1e-05 3
2.2e-05 3
2.3e-05 3
2.4e-05 3
2.5e-05 3
2.6e-05 3
2.7e-05 3
2.8e-05 3
2.9e-05 3
3e-05 3
3.1e-05 3
3.2e-05 4
3.3e-05 4
3.4e-05 4
3.5e-05 4
3.6e-05 4
3.7e-05 4
3.8e-05 4
3.9e-05 4
4e-05 4
4.1e-05 5
4.2e-05 5
4.3e-05 5
4.4e-05 5
4.5e-05 5
4.6e-05 5
4.7e-05 5
4.8e-05 5
4.9e-05 5
5e-05 5
5.1e-05 5
5.2e-05 5
5.3e-05 5
5.4e-05 5
5.5e-05 5
5.6e-05 5
5.7e-05 5
5.8e-05 5
5.9e-05 5
6e-05 5
6.1e-05 5
6.2e-05 5
6.3e-05 5
6.4e-05 5
6.5e-05 5
6.6e-05 5
6.7e-05 5
6.8e-05 5
6.9e-05 5
7e-05 5
7.1e-05 5
7.2e-05 5
7.3e-05 5
7.4e-05 5
7.5e-05 5
7.6e-05 5
7.7e-05 5
7.8e-05 5
7.9e-05 5
8e-05 5
8.1e-05 5
8.2e-05 5
8.3e-05 5
8.4e-05 5
8.5e-05 5
8.6e-05 5
8.7e-05 5
8.8e-05 5
8.9e-05 5
9e-05 5
9.1e-05 5
9.2e-05 5
9.3e-05 5
9.4e-05 5
9.5e-05 5
9.6e-05 5
9.7e-05 5
9.8e-05 5
9.9e-05 4
0.0001 4
0.000101 4
0.000102 4
0.000103 4
0.000104 4
0.000105 4
0.000106 4
0.000107 4
0.000108 4
0.000109 4
0.00011 4
0.000111 4
0.000112 4
0.000113 4
0.000114 4
0.000115 4
0.000116 4
0.000117 4
0.000118 4
0.000119 4
0.00012 4
0.000121 4
0.000122 4
0.000123 4
0.000124 4
0.000125 4
0.000126 4
0.000127 4
0.000128 4
0.000129 4
0.00013 4
0.000131 4
0.000132 4
0.000133 4
0.000134 4
0.000135 4
0.000136 4
0.000137 4
0.000138 4
0.000139 4
0.00014 4
0.000141 4
0.000142 4
0.000143 4
0.000144 4
0.000145 4
0.000146 4
0.000147 4
0.000148 4
0.000149 4
0.00015 4
0.000151 4
0.000152 4
0.000153 4
0.000154 4
0.000155 4
0.000156 4
0.000157 4
0.000158 4
0.000159 4
0.00016 4
0.000161 4
0.000162 4
0.000163 4
0.000164 4
0.000165 4
0.000166 4
0.000167 4
0.000168 4
0.000169 4
0.00017 4
0.000171 4
0.000172 4
0.000173 4
0.000174 4
0.000175 4
0.000176 4
0.000177 4
0.000178 4
0.000179 4
0.00018 4
0.000181 4
0.000182 4
0.000183 4
0.000184 4
0.000185 4
0.000186 4
0.000187 4
0.000188 4
0.000189 4
0.00019 4
0.000191 4
0.000192 4
0.000193 4
0.000194 4
0.000195 4
0.000196 4
0.000197 4
0.000198 4
0.000199 4
0.0002 4
0.000201 4
0.000202 4
0.000203 4
0.000204 4
0.000205 4
0.000206 4
0.000207 4
0.000208 4
0.000209 4
0.00021 4
0.000211 4
0.000212 4
0.000213 4
0.000214 4
0.000215 4
0.000216 4
0.000217 4
0.000218 4
0.000219 4
0.00022 4
0.000221 4
0.000222 4
0.000223 4
0.000224 4
0.000225 4
0.000226 4
0.000227 4
0.000228 4
0.000229 4
0.00023 4
0.000231 4
0.000232 4
0.000233 4
0.000234 4
0.000235 4
0.000236 4
0.000237 4
0.000238 4
0.000239 4
0.00024 4
0.000241 4
0.000242 4
0.000243 4
0.000244 4
0.000245 4
0.000246 4
0.000247 4
0.000248 4
0.000249 4
0.00025 4
0.000251 4
0.000252 4
0.000253 4
0.000254 4
0.000255 4
0.000256 4
0.000257 4
0.000258 4
0.000259 4
0.00026 4
0.000261 4
0.000262 4
0.000263 4
0.000264 4
0.000265 4
0.000266 4
0.000267 4
0.000268 4
0.000269 4
0.00027 4
0.000271 4
0.000272 4
0.000273 4
0.000274 4
0.000275 4
0.000276 4
0.000277 4
0.000278 4
0.000279 4
0.00028 4
0.000281 4
0.000282 4
0.000283 4
0.000284 4
0.000285 4
0.000286 4
0.000287 4
0.000288 4
0.000289 4
0.00029 4
0.000291 4
0.000292 4
0.000293 4
0.000294 4
0.000295 4
0.000296 4
0.000297 4
0.000298 4
0.000299 4
0.0003 4
0.000301 4
0.000302 4
0.000303 4
0.000304 4
0.000305 4
0.000306 4
0.000307 4
0.000308 4
0.000309 4
0.00031 4
0.000311 4
0.000312 4
0.000313 4
0.000314 4
0.000315 4
0.000316 4
0.000317 4
0.000318 4
0.000319 4
0.00032 4
0.000321 4
0.000322 4
0.000323 4
0.000324 4
0.000325 4
0.000326 4
0.000327 4
0.000328 4
0.000329 4
0.00033 4
0.000331 4
0.000332 4
0.000333 4
0.000334 4
0.000335 4
0.000336 4
0.000337 4
0.000338 4
0.000339 4
0.00034 4
0.000341 4
0.000342 4
0.000343 4
0.000344 4
0.000345 4
0.000346 4
0.000347 4
0.000348 4
0.000349 4
0.00035 4
0.000351 4
0.000352 4
0.000353 4
0.000354 4
0.000355 4
0.000356 4
0.000357 4
0.000358 4
0.000359 4
0.00036 4
0.000361 4
0.000362 4
0.000363 4
0.000364 4
0.000365 4
0.000366 4
0.000367 4
0.000368 4
0.000369 4
0.00037 4
0.000371 4
0.000372 4
0.000373 4
0.000374 4
0.000375 4
0.000376 4
0.000377 4
0.000378 4
0.000379 4
0.00038 4
0.000381 4
0.000382 4
0.000383 4
0.000384 4
0.000385 4
0.000386 4
0.000387 4
0.000388 4
0.000389 4
0.00039 4
0.000391 4
0.000392 4
0.000393 4
0.000394 4
0.000395 4
0.000396 4
0.000397 4
0.000398 4
0.000399 4
0.0004 4
0.000401 4
0.000402 4
0.000403 4
0.000404 4
0.000405 4
0.000406 4
0.000407 4
0.000408 4
0.000409 4
0.00041 4
0.000411 4
0.000412 4
0.000413 4
0.000414 4
0.000415 4
0.000416 4
0.000417 4
0.000418 4
0.000419 4
0.00042 4
0.000421 4
0.000422 4
0.000423 4
0.000424 4
0.000425 4
0.000426 4
0.000427 4
0.000428 4
0.000429 4
0.00043 4
0.000431 4
0.000432 4
0.000433 4
0.000434 4
0.000435 4
0.000436 4
0.000437 4
0.000438 4
0.000439 4
0.00044 4
0.000441 4
0.000442 4
0.000443 4
0.000444 4
0.000445 4
0.000446 4
0.000447 4
0.000448 4
0.000449 4
0.00045 4
0.000451 4
0.000452 4
0.000453 4
0.000454 4
0.000455 4
0.000456 4
0.000457 4
0.000458 4
0.000459 4
0.00046 4
0.000461 4
0.000462 4
0.000463 4
0.000464 4
0.000465 4
0.000466 4
0.000467 4
0.000468 4
0.000469 4
0.00047 4
0.000471 4
0.000472 4
0.000473 4
0.000474 4
0.000475 4
0.000476 4
0.000477 4
0.000478 4
0.000479 4
0.00048 4
0.000481 4
0.000482 4
0.000483 4
0.000484 4
0.000485 4
0.000486 4
0.000487 4
0.000488 4
0.000489 4
0.00049 4
0.000491 4
0.000492 4
0.000493 4
0.000494 4
0.000495 4
0.000496 4
0.000497 4
0.000498 4
0.000499 4
0.0005 4
0.000501 4
0.000502 4
0.000503 4
0.000504 4
0.000505 4
0.000506 4
0.000507 4
0.000508 4
0.000509 4
0.00051 4
0.000511 4
0.000512 4
0.000513 4
0.000514 4
0.000515 4
0.000516 4
0.000517 4
0.000518 4
0.000519 4
0.00052 4
0.000521 4
0.000522 4
0.000523 4
0.000524 4
0.000525 4
0.000526 4
0.000527 4
0.000528 4
0.000529 4
0.00053 4
0.000531 4
0.000532 4
0.000533 4
0.000534 4
0.000535 4
0.000536 4
0.000537 4
0.000538 4
0.000539 4
0.00054 4
0.000541 4
0.000542 4
0.000543 4
0.000544 4
0.000545 4
0.000546 4
0.000547 4
0.000548 4
0.000549 4
0.00055 4
0.000551 4
0.000552 4
0.000553 4
0.000554 4
0.000555 4
0.000556 4
0.000557 4
0.000558 4
0.000559 4
0.00056 4
0.000561 4
0.000562 4
0.000563 4
0.000564 4
0.000565 4
0.000566 4
0.000567 4
0.000568 4
0.000569 4
0.00057 4
0.000571 4
0.000572 4
0.000573 4
0.000574 4
0.000575 4
0.000576 4
0.000577 4
0.000578 4
0.000579 4
0.00058 4
0.000581 4
0.000582 4
0.000583 4
0.000584 4
0.000585 4
0.000586 4
0.000587 4
0.000588 4
0.000589 4
0.00059 4
0.000591 4
0.000592 4
0.000593 4
0.000594 4
0.000595 4
0.000596 4
0.000597 4
0.000598 4
0.000599 4
0.0006 4
0.000601 4
0.000602 4
0.000603 4
0.000604 4
0.000605 4
0.000606 4
0.000607 4
0.000608 4
0.000609 4
0.00061 4
0.000611 4
0.000612 4
0.000613 4
0.000614 4
0.000615 4
0.000616 4
0.000617 4
0.000618 4
0.000619 4
0.00062 4
0.000621 4
0.000622 4
0.000623 4
0.000624 4
0.000625 4
0.000626 4
0.000627 4
0.000628 4
0.000629 4
0.00063 4
0.000631 4
0.000632 4
0.000633 4
0.000634 4
0.000635 4
0.000636 4
0.000637 4
0.000638 4
0.000639 4
0.00064 4
0.000641 4
0.000642 4
0.000643 4
0.000644 4
0.000645 4
0.000646 4
0.000647 4
0.000648 4
0.000649 4
0.00065 4
0.000651 4
0.000652 4
0.000653 4
0.000654 4
0.000655 4
0.000656 4
0.000657 4
0.000658 4
0.000659 4
0.00066 4
0.000661 4
0.000662 4
0.000663 4
0.000664 4
0.000665 4
0.000666 4
0.000667 4
0.000668 4
0.000669 4
0.00067 4
0.000671 4
0.000672 4
0.000673 4
0.000674 4
0.000675 4
0.000676 4
0.000677 4
0.000678 4
0.000679 4
0.00068 4
0.000681 4
0.000682 4
0.000683 4
0.000684 4
0.000685 4
0.000686 4
0.000687 4
0.000688 4
0.000689 4
0.00069 4
0.000691 4
0.000692 4
0.000693 4
0.000694 4
0.000695 4
0.000696 4
0.000697 4
0.000698 4
0.000699 4
0.0007 4
0.000701 4
0.000702 4
0.000703 4
0.000704 4
0.000705 4
0.000706 4
0.000707 4
0.000708 4
0.000709 4
0.00071 4
0.000711 4
0.000712 4
0.000713 4
0.000714 4
0.000715 4
0.000716 4
0.000717 4
0.000718 4
0.000719 4
0.00072 4
0.000721 4
0.000722 4
0.000723 4
0.000724 4
0.000725 4
0.000726 4
0.000727 4
0.000728 4
0.000729 4
0.00073 4
0.000731 4
0.000732 4
0.000733 4
0.000734 4
0.000735 4
0.000736 4
0.000737 4
0.000738 4
0.000739 4
0.00074 4
0.000741 4
0.000742 4
0.000743 4
0.000744 4
0.000745 4
0.000746 4
0.000747 4
0.000748 4
0.000749 4
0.00075 4
0.000751 4
0.000752 4
0.000753 4
0.000754 4
0.000755 4
0.000756 4
0.000757 4
0.000758 4
0.000759 4
0.00076 4
0.000761 4
0.000762 4
0.000763 4
0.000764 4
0.000765 4
0.000766 4
0.000767 4
0.000768 4
0.000769 4
0.00077 4
0.000771 4
0.000772 4
0.000773 4
0.000774 4
0.000775 4
0.000776 4
0.000777 4
0.000778 4
0.000779 4
0.00078 4
0.000781 4
0.000782 4
0.000783 4
0.000784 4
0.000785 4
0.000786 4
0.000787 4
0.000788 4
0.000789 4
0.00079 4
0.000791 4
0.000792 4
0.000793 4
0.000794 4
0.000795 4
0.000796 4
0.000797 4
0.000798 4
0.000799 4
0.0008 4
0.000801 4
0.000802 4
0.000803 4
0.000804 4
0.000805 4
0.000806 4
0.000807 4
0.000808 4
0.000809 4
0.00081 4
0.000811 4
0.000812 4
0.000813 4
0.000814 4
0.000815 4
0.000816 4
0.000817 4
0.000818 4
0.000819 4
0.00082 4
0.000821 4
0.000822 4
0.000823 4
0.000824 4
0.000825 4
0.000826 4
0.000827 4
0.000828 4
0.000829 4
0.00083 4
0.000831 4
0.000832 4
0.000833 4
0.000834 4
0.000835 4
0.000836 4
0.000837 4
0.000838 4
0.000839 4
0.00084 4
0.000841 4
0.000842 4
0.000843 4
0.000844 4
0.000845 4
0.000846 4
0.000847 4
0.000848 4
0.000849 4
0.00085 4
0.000851 4
0.000852 4
0.000853 4
0.000854 4
0.000855 4
0.000856 4
0.000857 4
0.000858 4
0.000859 4
0.00086 4
0.000861 4
0.000862 4
0.000863 4
0.000864 4
0.000865 4
0.000866 4
0.000867 4
0.000868 4
0.000869 4
0.00087 4
0.000871 4
0.000872 4
0.000873 4
0.000874 4
0.000875 4
0.000876 4
0.000877 4
0.000878 4
0.000879 4
0.00088 4
0.000881 4
0.000882 4
0.000883 4
0.000884 4
0.000885 4
0.000886 4
0.000887 4
0.000888 4
0.000889 4
0.00089 4
0.000891 4
0.000892 4
0.000893 4
0.000894 4
0.000895 4
0.000896 4
0.000897 4
0.000898 4
0.000899 4
0.0009 4
0.000901 4
0.000902 4
0.000903 4
0.000904 4
0.000905 4
0.000906 4
0.000907 4
0.000908 4
0.000909 4
0.00091 4
0.000911 4
0.000912 4
0.000913 4
0.000914 4
0.000915 4
0.000916 4
0.000917 4
0.000918 4
0.000919 4
0.00092 4
0.000921 4
0.000922 4
0.000923 4
0.000924 4
0.000925 4
0.000926 4
0.000927 4
0.000928 4
0.000929 4
0.00093 4
0.000931 4
0.000932 4
0.000933 4
0.000934 4
0.000935 4
0.000936 4
0.000937 4
0.000938 4
0.000939 4
0.00094 4
0.000941 4
0.000942 4
0.000943 4
0.000944 4
0.000945 4
0.000946 4
0.000947 4
0.000948 4
0.000949 4
0.00095 4
0.000951 4
0.000952 4
0.000953 4
0.000954 4
0.000955 4
0.000956 4
0.000957 4
0.000958 4
0.000959 4
0.00096 4
0.000961 4
0.000962 4
0.000963 4
0.000964 4
0.000965 4
0.000966 4
0.000967 4
0.000968 4
0.000969 4
0.00097 4
0.000971 4
0.000972 4
0.000973 4
0.000974 4
0.000975 4
0.000976 4
0.000977 4
0.000978 4
0.000979 4
0.00098 4
0.000981 4
0.000982 4
0.000983 4
0.000984 4
0.000985 4
0.000986 4
0.000987 4
0.000988 4
0.000989 4
0.00099 4
0.000991 4
0.000992 4
0.000993 4
0.000994 4
0.000995 4
0.000996 4
0.000997 4
0.000998 4
0.000999 4
0.001 4
