0 500
1e-06 499
2e-06 499
3e-06 499
4e-06 499
5e-06 499
6e-06 499
7e-06 498
8e-06 498
9e-06 498
1e-05 498
1.1e-05 498
1.2e-05 497
1.3e-05 497
1.4e-05 496
1.5e-05 495
1.6e-05 495
1.7e-05 495
1.8e-05 495
1.9e-05 495
2e-05 495
2.1e-05 495
2.2e-05 495
2.3e-05 494
2.4e-05 494
2.5e-05 494
2.6e-05 494
2.7e-05 494
2.8e-05 494
2.9e-05 494
3e-05 494
3.1e-05 494
3.2e-05 494
3.3e-05 494
3.4e-05 493
3.5e-05 493
3.6e-05 492
3.7e-05 492
3.8e-05 492
3.9e-05 492
4e-05 492
4.1e-05 492
4.2e-05 492
4.3e-05 492
4.4e-05 492
4.5e-05 492
4.6e-05 492
4.7e-05 492
4.8e-05 492
4.9e-05 492
5e-05 492
5.1e-05 492
5.2e-05 492
5.3e-05 492
5.4e-05 492
5.5e-05 492
5.6e-05 492
5.7e-05 492
5.8e-05 492
5.9e-05 492
6e-05 492
6.1e-05 492
6.2e-05 492
6.3e-05 491
6.4e-05 491
6.5e-05 491
6.6e-05 491
6.7e-05 491
6.8e-05 491
6.9e-05 491
7e-05 491
7.1e-05 491
7.2e-05 491
7.3e-05 491
7.4e-05 491
7.5e-05 491
7.6e-05 491
7.7e-05 491
7.8e-05 491
7.9e-05 491
8e-05 491
8.1e-05 491
8.2e-05 491
8.3e-05 491
8.4e-05 491
8.5e-05 491
8.6e-05 491
8.7e-05 491
8.8e-05 491
8.9e-05 490
9e-05 490
9.1e-05 490
9.2e-05 490
9.3e-05 490
9.4e-05 490
9.5e-05 490
9.6e-05 490
9.7e-05 490
9.8e-05 490
9.9e-05 490
0.0001 490
0.000101 490
0.000102 490
0.000103 490
0.000104 490
0.000105 490
0.000106 490
0.000107 490
0.000108 490
0.000109 490
0.00011 490
0.000111 490
0.000112 490
0.000113 490
0.000114 490
0.000115 490
0.000116 490
0.000117 490
0.000118 490
0.000119 490
0.00012 490
0.000121 490
0.000122 490
0.000123 490
0.000124 490
0.000125 490
0.000126 490
0.000127 490
0.000128 490
0.000129 490
0.00013 490
0.000131 490
0.000132 490
0.000133 490
0.000134 490
0.000135 490
0.000136 490
0.000137 490
0.000138 490
0.000139 490
0.00014 490
0.000141 490
0.000142 490
0.000143 490
0.000144 490
0.000145 490
0.000146 490
0.000147 490
0.000148 490
0.000149 490
0.00015 490
0.000151 490
0.000152 490
0.000153 490
0.000154 490
0.000155 490
0.000156 490
0.000157 490
0.000158 490
0.000159 490
0.00016 490
0.000161 490
0.000162 490
0.000163 490
0.000164 490
0.000165 490
0.000166 490
0.000167 490
0.000168 490
0.000169 490
0.00017 490
0.000171 490
0.000172 490
0.000173 490
0.000174 490
0.000175 490
0.000176 490
0.000177 490
0.000178 490
0.000179 490
0.00018 490
0.000181 489
0.000182 489
0.000183 489
0.000184 489
0.000185 489
0.000186 489
0.000187 489
0.000188 489
0.000189 489
0.00019 489
0.000191 489
0.000192 489
0.000193 489
0.000194 489
0.000195 489
0.000196 489
0.000197 489
0.000198 489
0.000199 489
0.0002 489
0.000201 489
0.000202 489
0.000203 489
0.000204 489
0.000205 489
0.000206 489
0.000207 489
0.000208 489
0.000209 489
0.00021 489
0.000211 489
0.000212 489
0.000213 489
0.000214 489
0.000215 489
0.000216 489
0.000217 489
0.000218 489
0.000219 489
0.00022 489
0.000221 489
0.000222 489
0.000223 489
0.000224 489
0.000225 489
0.000226 489
0.000227 489
0.000228 489
0.000229 489
0.00023 489
0.000231 489
0.000232 489
0.000233 489
0.000234 489
0.000235 489
0.000236 489
0.000237 489
0.000238 489
0.000239 489
0.00024 489
0.000241 489
0.000242 489
0.000243 489
0.000244 489
0.000245 489
0.000246 489
0.000247 489
0.000248 489
0.000249 489
0.00025 489
0.000251 489
0.000252 489
0.000253 489
0.000254 489
0.000255 489
0.000256 489
0.000257 489
0.000258 489
0.000259 489
0.00026 489
0.000261 489
0.000262 489
0.000263 489
0.000264 489
0.000265 489
0.000266 489
0.000267 489
0.000268 489
0.000269 489
0.00027 489
0.000271 489
0.000272 489
0.000273 489
0.000274 489
0.000275 489
0.000276 489
0.000277 489
0.000278 489
0.000279 489
0.00028 489
0.000281 489
0.000282 489
0.000283 489
0.000284 489
0.000285 489
0.000286 489
0.000287 489
0.000288 489
0.000289 489
0.00029 489
0.000291 489
0.000292 489
0.000293 489
0.000294 489
0.000295 489
0.000296 489
0.000297 489
0.000298 489
0.000299 489
0.0003 489
0.000301 489
0.000302 489
0.000303 489
0.000304 489
0.000305 489
0.000306 489
0.000307 489
0.000308 489
0.000309 489
0.00031 489
0.000311 489
0.000312 489
0.000313 489
0.000314 489
0.000315 489
0.000316 489
0.000317 489
0.000318 489
0.000319 489
0.00032 489
0.000321 489
0.000322 489
0.000323 489
0.000324 489
0.000325 489
0.000326 489
0.000327 489
0.000328 489
0.000329 489
0.00033 489
0.000331 489
0.000332 489
0.000333 489
0.000334 489
0.000335 489
0.000336 489
0.000337 489
0.000338 489
0.000339 489
0.00034 489
0.000341 489
0.000342 489
0.000343 489
0.000344 489
0.000345 489
0.000346 489
0.000347 489
0.000348 489
0.000349 489
0.00035 489
0.000351 489
0.000352 489
0.000353 489
0.000354 489
0.000355 489
0.000356 489
0.000357 489
0.000358 489
0.000359 489
0.00036 489
0.000361 489
0.000362 489
0.000363 489
0.000364 489
0.000365 489
0.000366 489
0.000367 489
0.000368 489
0.000369 489
0.00037 489
0.000371 489
0.000372 489
0.000373 489
0.000374 489
0.000375 489
0.000376 489
0.000377 489
0.000378 489
0.000379 489
0.00038 489
0.000381 489
0.000382 489
0.000383 489
0.000384 489
0.000385 489
0.000386 489
0.000387 489
0.000388 489
0.000389 489
0.00039 489
0.000391 489
0.000392 489
0.000393 489
0.000394 489
0.000395 489
0.000396 489
0.000397 489
0.000398 489
0.000399 489
0.0004 489
0.000401 489
0.000402 489
0.000403 489
0.000404 489
0.000405 489
0.000406 489
0.000407 489
0.000408 489
0.000409 489
0.00041 489
0.000411 489
0.000412 489
0.000413 489
0.000414 489
0.000415 489
0.000416 489
0.000417 489
0.000418 489
0.000419 489
0.00042 489
0.000421 489
0.000422 489
0.000423 489
0.000424 489
0.000425 489
0.000426 489
0.000427 489
0.000428 489
0.000429 489
0.00043 489
0.000431 489
0.000432 489
0.000433 489
0.000434 489
0.000435 489
0.000436 489
0.000437 489
0.000438 489
0.000439 489
0.00044 489
0.000441 489
0.000442 489
0.000443 489
0.000444 489
0.000445 489
0.000446 489
0.000447 489
0.000448 489
0.000449 489
0.00045 489
0.000451 489
0.000452 489
0.000453 489
0.000454 489
0.000455 489
0.000456 489
0.000457 489
0.000458 489
0.000459 489
0.00046 489
0.000461 489
0.000462 489
0.000463 489
0.000464 489
0.000465 489
0.000466 489
0.000467 489
0.000468 489
0.000469 489
0.00047 489
0.000471 489
0.000472 489
0.000473 489
0.000474 489
0.000475 489
0.000476 489
0.000477 489
0.000478 489
0.000479 489
0.00048 489
0.000481 489
0.000482 489
0.000483 489
0.000484 489
0.000485 489
0.000486 489
0.000487 489
0.000488 489
0.000489 489
0.00049 489
0.000491 489
0.000492 489
0.000493 489
0.000494 489
0.000495 489
0.000496 489
0.000497 489
0.000498 489
0.000499 489
0.0005 489
0.000501 489
0.000502 489
0.000503 489
0.000504 489
0.000505 489
0.000506 489
0.000507 489
0.000508 489
0.000509 489
0.00051 489
0.000511 489
0.000512 489
0.000513 489
0.000514 489
0.000515 489
0.000516 489
0.000517 489
0.000518 489
0.000519 489
0.00052 489
0.000521 489
0.000522 489
0.000523 489
0.000524 489
0.000525 489
0.000526 489
0.000527 489
0.000528 489
0.000529 489
0.00053 489
0.000531 489
0.000532 489
0.000533 489
0.000534 489
0.000535 489
0.000536 489
0.000537 489
0.000538 489
0.000539 489
0.00054 489
0.000541 489
0.000542 489
0.000543 489
0.000544 489
0.000545 489
0.000546 489
0.000547 489
0.000548 489
0.000549 489
0.00055 489
0.000551 489
0.000552 489
0.000553 489
0.000554 489
0.000555 489
0.000556 489
0.000557 489
0.000558 489
0.000559 489
0.00056 489
0.000561 489
0.000562 489
0.000563 489
0.000564 489
0.000565 489
0.000566 489
0.000567 489
0.000568 489
0.000569 489
0.00057 489
0.000571 489
0.000572 489
0.000573 489
0.000574 489
0.000575 489
0.000576 489
0.000577 489
0.000578 489
0.000579 489
0.00058 489
0.000581 489
0.000582 489
0.000583 489
0.000584 489
0.000585 489
0.000586 489
0.000587 489
0.000588 489
0.000589 489
0.00059 489
0.000591 489
0.000592 489
0.000593 489
0.000594 489
0.000595 489
0.000596 489
0.000597 489
0.000598 489
0.000599 489
0.0006 489
0.000601 489
0.000602 489
0.000603 489
0.000604 489
0.000605 489
0.000606 489
0.000607 489
0.000608 489
0.000609 489
0.00061 489
0.000611 489
0.000612 489
0.000613 489
0.000614 489
0.000615 489
0.000616 489
0.000617 489
0.000618 489
0.000619 489
0.00062 489
0.000621 489
0.000622 489
0.000623 489
0.000624 489
0.000625 489
0.000626 489
0.000627 489
0.000628 489
0.000629 489
0.00063 489
0.000631 489
0.000632 489
0.000633 489
0.000634 489
0.000635 489
0.000636 489
0.000637 489
0.000638 489
0.000639 489
0.00064 489
0.000641 489
0.000642 489
0.000643 489
0.000644 489
0.000645 489
0.000646 489
0.000647 489
0.000648 489
0.000649 489
0.00065 489
0.000651 489
0.000652 489
0.000653 489
0.000654 489
0.000655 489
0.000656 489
0.000657 489
0.000658 489
0.000659 489
0.00066 489
0.000661 489
0.000662 489
0.000663 489
0.000664 489
0.000665 489
0.000666 489
0.000667 489
0.000668 489
0.000669 489
0.00067 489
0.000671 489
0.000672 489
0.000673 489
0.000674 489
0.000675 489
0.000676 489
0.000677 489
0.000678 489
0.000679 489
0.00068 489
0.000681 489
0.000682 489
0.000683 489
0.000684 489
0.000685 489
0.000686 489
0.000687 489
0.000688 489
0.000689 489
0.00069 489
0.000691 489
0.000692 489
0.000693 489
0.000694 489
0.000695 489
0.000696 489
0.000697 489
0.000698 489
0.000699 489
0.0007 489
0.000701 489
0.000702 489
0.000703 489
0.000704 489
0.000705 489
0.000706 489
0.000707 489
0.000708 489
0.000709 489
0.00071 489
0.000711 489
0.000712 489
0.000713 489
0.000714 489
0.000715 489
0.000716 489
0.000717 489
0.000718 489
0.000719 489
0.00072 489
0.000721 489
0.000722 489
0.000723 489
0.000724 489
0.000725 489
0.000726 489
0.000727 489
0.000728 489
0.000729 489
0.00073 489
0.000731 489
0.000732 489
0.000733 489
0.000734 489
0.000735 489
0.000736 489
0.000737 489
0.000738 489
0.000739 489
0.00074 489
0.000741 489
0.000742 489
0.000743 489
0.000744 489
0.000745 489
0.000746 489
0.000747 489
0.000748 489
0.000749 489
0.00075 489
0.000751 489
0.000752 489
0.000753 489
0.000754 489
0.000755 489
0.000756 489
0.000757 489
0.000758 489
0.000759 489
0.00076 489
0.000761 489
0.000762 489
0.000763 489
0.000764 489
0.000765 489
0.000766 489
0.000767 489
0.000768 489
0.000769 489
0.00077 489
0.000771 489
0.000772 489
0.000773 489
0.000774 489
0.000775 489
0.000776 489
0.000777 489
0.000778 489
0.000779 489
0.00078 489
0.000781 489
0.000782 489
0.000783 489
0.000784 489
0.000785 489
0.000786 489
0.000787 489
0.000788 489
0.000789 489
0.00079 489
0.000791 489
0.000792 489
0.000793 489
0.000794 489
0.000795 489
0.000796 489
0.000797 489
0.000798 489
0.000799 489
0.0008 489
0.000801 489
0.000802 489
0.000803 489
0.000804 489
0.000805 489
0.000806 489
0.000807 489
0.000808 489
0.000809 489
0.00081 489
0.000811 489
0.000812 489
0.000813 489
0.000814 489
0.000815 489
0.000816 489
0.000817 489
0.000818 489
0.000819 489
0.00082 489
0.000821 489
0.000822 489
0.000823 489
0.000824 489
0.000825 489
0.000826 489
0.000827 489
0.000828 489
0.000829 489
0.00083 489
0.000831 489
0.000832 489
0.000833 489
0.000834 489
0.000835 489
0.000836 489
0.000837 489
0.000838 489
0.000839 489
0.00084 489
0.000841 489
0.000842 489
0.000843 489
0.000844 489
0.000845 489
0.000846 489
0.000847 489
0.000848 489
0.000849 489
0.00085 489
0.000851 489
0.000852 489
0.000853 489
0.000854 489
0.000855 489
0.000856 489
0.000857 489
0.000858 489
0.000859 489
0.00086 489
0.000861 489
0.000862 489
0.000863 489
0.000864 489
0.000865 489
0.000866 489
0.000867 489
0.000868 489
0.000869 489
0.00087 489
0.000871 489
0.000872 489
0.000873 489
0.000874 489
0.000875 489
0.000876 489
0.000877 489
0.000878 489
0.000879 489
0.00088 489
0.000881 489
0.000882 489
0.000883 489
0.000884 489
0.000885 489
0.000886 489
0.000887 489
0.000888 489
0.000889 489
0.00089 489
0.000891 489
0.000892 489
0.000893 489
0.000894 489
0.000895 489
0.000896 489
0.000897 489
0.000898 489
0.000899 489
0.0009 489
0.000901 489
0.000902 489
0.000903 489
0.000904 489
0.000905 489
0.000906 489
0.000907 489
0.000908 489
0.000909 489
0.00091 489
0.000911 489
0.000912 489
0.000913 489
0.000914 489
0.000915 489
0.000916 489
0.000917 489
0.000918 489
0.000919 489
0.00092 489
0.000921 489
0.000922 489
0.000923 489
0.000924 489
0.000925 489
0.000926 489
0.000927 489
0.000928 489
0.000929 489
0.00093 489
0.000931 489
0.000932 489
0.000933 489
0.000934 489
0.000935 489
0.000936 489
0.000937 489
0.000938 489
0.000939 489
0.00094 489
0.000941 489
0.000942 489
0.000943 489
0.000944 489
0.000945 489
0.000946 489
0.000947 489
0.000948 489
0.000949 489
0.00095 489
0.000951 489
0.000952 489
0.000953 489
0.000954 489
0.000955 489
0.000956 489
0.000957 489
0.000958 489
0.000959 489
0.00096 489
0.000961 489
0.000962 489
0.000963 489
0.000964 489
0.000965 489
0.000966 489
0.000967 489
0.000968 489
0.000969 489
0.00097 489
0.000971 489
0.000972 489
0.000973 489
0.000974 489
0.000975 489
0.000976 489
0.000977 489
0.000978 489
0.000979 489
0.00098 489
0.000981 489
0.000982 489
0.000983 489
0.000984 489
0.000985 489
0.000986 489
0.000987 489
0.000988 489
0.000989 489
0.00099 489
0.000991 489
0.000992 489
0.000993 489
0.000994 489
0.000995 489
0.000996 489
0.000997 489
0.000998 489
0.000999 489
0.001 489
