0 35
1e-06 34
2e-06 34
3e-06 34
4e-06 34
5e-06 34
6e-06 34
7e-06 33
8e-06 33
9e-06 33
1e-05 33
1.1e-05 33
1.2e-05 32
1.3e-05 32
1.4e-05 31
1.5e-05 30
1.6e-05 30
1.7e-05 30
1.8e-05 30
1.9e-05 30
2e-05 30
2.1e-05 30
2.2e-05 30
2.3e-05 29
2.4e-05 29
2.5e-05 29
2.6e-05 29
2.7e-05 29
2.8e-05 29
2.9e-05 29
3e-05 29
3.1e-05 29
3.2e-05 29
3.3e-05 29
3.4e-05 28
3.5e-05 28
3.6e-05 28
3.7e-05 28
3.8e-05 28
3.9e-05 28
4e-05 28
4.1e-05 28
4.2e-05 28
4.3e-05 28
4.4e-05 28
4.5e-05 28
4.6e-05 28
4.7e-05 28
4.8e-05 28
4.9e-05 28
5e-05 28
5.1e-05 28
5.2e-05 28
5.3e-05 28
5.4e-05 28
5.5e-05 28
5.6e-05 28
5.7e-05 28
5.8e-05 28
5.9e-05 28
6e-05 28
6.1e-05 28
6.2e-05 28
6.3e-05 27
6.4e-05 27
6.5e-05 27
6.6e-05 27
6.7e-05 27
6.8e-05 27
6.9e-05 27
7e-05 27
7.1e-05 27
7.2e-05 27
7.3e-05 27
7.4e-05 27
7.5e-05 27
7.6e-05 27
7.7e-05 27
7.8e-05 27
7.9e-05 27
8e-05 27
8.1e-05 27
8.2e-05 27
8.3e-05 27
8.4e-05 27
8.5e-05 27
8.6e-05 27
8.7e-05 27
8.8e-05 27
8.9e-05 26
9e-05 26
9.1e-05 26
9.2e-05 26
9.3e-05 26
9.4e-05 26
9.5e-05 26
9.6e-05 26
9.7e-05 26
9.8e-05 26
9.9e-05 26
0.0001 26
0.000101 26
0.000102 26
0.000103 26
0.000104 26
0.000105 26
0.000106 26
0.000107 26
0.000108 26
0.000109 26
0.00011 26
0.000111 26
0.000112 26
0.000113 26
0.000114 26
0.000115 26
0.000116 26
0.000117 26
0.000118 26
0.000119 26
0.00012 26
0.000121 26
0.000122 26
0.000123 26
0.000124 26
0.000125 26
0.000126 26
0.000127 26
0.000128 26
0.000129 26
0.00013 26
0.000131 26
0.000132 26
0.000133 26
0.000134 26
0.000135 26
0.000136 26
0.000137 26
0.000138 26
0.000139 26
0.00014 26
0.000141 26
0.000142 26
0.000143 26
0.000144 26
0.000145 26
0.000146 26
0.000147 26
0.000148 26
0.000149 26
0.00015 26
0.000151 26
0.000152 26
0.000153 26
0.000154 26
0.000155 26
0.000156 26
0.000157 26
0.000158 26
0.000159 26
0.00016 26
0.000161 26
0.000162 26
0.000163 26
0.000164 26
0.000165 26
0.000166 26
0.000167 26
0.000168 26
0.000169 26
0.00017 26
0.000171 26
0.000172 26
0.000173 26
0.000174 26
0.000175 26
0.000176 26
0.000177 26
0.000178 26
0.000179 26
0.00018 26
0.000181 25
0.000182 25
0.000183 25
0.000184 25
0.000185 25
0.000186 25
0.000187 25
0.000188 25
0.000189 25
0.00019 25
0.000191 25
0.000192 25
0.000193 25
0.000194 25
0.000195 25
0.000196 25
0.000197 25
0.000198 25
0.000199 25
0.0002 25
0.000201 25
0.000202 25
0.000203 25
0.000204 25
0.000205 25
0.000206 25
0.000207 25
0.000208 25
0.000209 25
0.00021 25
0.000211 25
0.000212 25
0.000213 25
0.000214 25
0.000215 25
0.000216 25
0.000217 25
0.000218 25
0.000219 25
0.00022 25
0.000221 25
0.000222 25
0.000223 25
0.000224 25
0.000225 25
0.000226 25
0.000227 25
0.000228 25
0.000229 25
0.00023 25
0.000231 25
0.000232 25
0.000233 25
0.000234 25
0.000235 25
0.000236 25
0.000237 25
0.000238 25
0.000239 25
0.00024 25
0.000241 25
0.000242 25
0.000243 25
0.000244 25
0.000245 25
0.000246 25
0.000247 25
0.000248 25
0.000249 25
0.00025 25
0.000251 25
0.000252 25
0.000253 25
0.000254 25
0.000255 25
0.000256 25
0.000257 25
0.000258 25
0.000259 25
0.00026 25
0.000261 25
0.000262 25
0.000263 25
0.000264 25
0.000265 25
0.000266 25
0.000267 25
0.000268 25
0.000269 25
0.00027 25
0.000271 25
0.000272 25
0.000273 25
0.000274 25
0.000275 25
0.000276 25
0.000277 25
0.000278 25
0.000279 25
0.00028 25
0.000281 25
0.000282 25
0.000283 25
0.000284 25
0.000285 25
0.000286 25
0.000287 25
0.000288 25
0.000289 25
0.00029 25
0.000291 25
0.000292 25
0.000293 25
0.000294 25
0.000295 25
0.000296 25
0.000297 25
0.000298 25
0.000299 25
0.0003 25
0.000301 25
0.000302 25
0.000303 25
0.000304 25
0.000305 25
0.000306 25
0.000307 25
0.000308 25
0.000309 25
0.00031 25
0.000311 25
0.000312 25
0.000313 25
0.000314 25
0.000315 25
0.000316 25
0.000317 25
0.000318 25
0.000319 25
0.00032 25
0.000321 25
0.000322 25
0.000323 25
0.000324 25
0.000325 25
0.000326 25
0.000327 25
0.000328 25
0.000329 25
0.00033 25
0.000331 25
0.000332 25
0.000333 25
0.000334 25
0.000335 25
0.000336 25
0.000337 25
0.000338 25
0.000339 25
0.00034 25
0.000341 25
0.000342 25
0.000343 25
0.000344 25
0.000345 25
0.000346 25
0.000347 25
0.000348 25
0.000349 25
0.00035 25
0.000351 25
0.000352 25
0.000353 25
0.000354 25
0.000355 25
0.000356 25
0.000357 25
0.000358 25
0.000359 25
0.00036 25
0.000361 25
0.000362 25
0.000363 25
0.000364 25
0.000365 25
0.000366 25
0.000367 25
0.000368 25
0.000369 25
0.00037 25
0.000371 25
0.000372 25
0.000373 25
0.000374 25
0.000375 25
0.000376 25
0.000377 25
0.000378 25
0.000379 25
0.00038 25
0.000381 25
0.000382 25
0.000383 25
0.000384 25
0.000385 25
0.000386 25
0.000387 25
0.000388 25
0.000389 25
0.00039 25
0.000391 25
0.000392 25
0.000393 25
0.000394 25
0.000395 25
0.000396 25
0.000397 25
0.000398 25
0.000399 25
0.0004 25
0.000401 25
0.000402 25
0.000403 25
0.000404 25
0.000405 25
0.000406 25
0.000407 25
0.000408 25
0.000409 25
0.00041 25
0.000411 25
0.000412 25
0.000413 25
0.000414 25
0.000415 25
0.000416 25
0.000417 25
0.000418 25
0.000419 25
0.00042 25
0.000421 25
0.000422 25
0.000423 25
0.000424 25
0.000425 25
0.000426 25
0.000427 25
0.000428 25
0.000429 25
0.00043 25
0.000431 25
0.000432 25
0.000433 25
0.000434 25
0.000435 25
0.000436 25
0.000437 25
0.000438 25
0.000439 25
0.00044 25
0.000441 25
0.000442 25
0.000443 25
0.000444 25
0.000445 25
0.000446 25
0.000447 25
0.000448 25
0.000449 25
0.00045 25
0.000451 25
0.000452 25
0.000453 25
0.000454 25
0.000455 25
0.000456 25
0.000457 25
0.000458 25
0.000459 25
0.00046 25
0.000461 25
0.000462 25
0.000463 25
0.000464 25
0.000465 25
0.000466 25
0.000467 25
0.000468 25
0.000469 25
0.00047 25
0.000471 25
0.000472 25
0.000473 25
0.000474 25
0.000475 25
0.000476 25
0.000477 25
0.000478 25
0.000479 25
0.00048 25
0.000481 25
0.000482 25
0.000483 25
0.000484 25
0.000485 25
0.000486 25
0.000487 25
0.000488 25
0.000489 25
0.00049 25
0.000491 25
0.000492 25
0.000493 25
0.000494 25
0.000495 25
0.000496 25
0.000497 25
0.000498 25
0.000499 25
0.0005 25
0.000501 25
0.000502 25
0.000503 25
0.000504 25
0.000505 25
0.000506 25
0.000507 25
0.000508 25
0.000509 25
0.00051 25
0.000511 25
0.000512 25
0.000513 25
0.000514 25
0.000515 25
0.000516 25
0.000517 25
0.000518 25
0.000519 25
0.00052 25
0.000521 25
0.000522 25
0.000523 25
0.000524 25
0.000525 25
0.000526 25
0.000527 25
0.000528 25
0.000529 25
0.00053 25
0.000531 25
0.000532 25
0.000533 25
0.000534 25
0.000535 25
0.000536 25
0.000537 25
0.000538 25
0.000539 25
0.00054 25
0.000541 25
0.000542 25
0.000543 25
0.000544 25
0.000545 25
0.000546 25
0.000547 25
0.000548 25
0.000549 25
0.00055 25
0.000551 25
0.000552 25
0.000553 25
0.000554 25
0.000555 25
0.000556 25
0.000557 25
0.000558 25
0.000559 25
0.00056 25
0.000561 25
0.000562 25
0.000563 25
0.000564 25
0.000565 25
0.000566 25
0.000567 25
0.000568 25
0.000569 25
0.00057 25
0.000571 25
0.000572 25
0.000573 25
0.000574 25
0.000575 25
0.000576 25
0.000577 25
0.000578 25
0.000579 25
0.00058 25
0.000581 25
0.000582 25
0.000583 25
0.000584 25
0.000585 25
0.000586 25
0.000587 25
0.000588 25
0.000589 25
0.00059 25
0.000591 25
0.000592 25
0.000593 25
0.000594 25
0.000595 25
0.000596 25
0.000597 25
0.000598 25
0.000599 25
0.0006 25
0.000601 25
0.000602 25
0.000603 25
0.000604 25
0.000605 25
0.000606 25
0.000607 25
0.000608 25
0.000609 25
0.00061 25
0.000611 25
0.000612 25
0.000613 25
0.000614 25
0.000615 25
0.000616 25
0.000617 25
0.000618 25
0.000619 25
0.00062 25
0.000621 25
0.000622 25
0.000623 25
0.000624 25
0.000625 25
0.000626 25
0.000627 25
0.000628 25
0.000629 25
0.00063 25
0.000631 25
0.000632 25
0.000633 25
0.000634 25
0.000635 25
0.000636 25
0.000637 25
0.000638 25
0.000639 25
0.00064 25
0.000641 25
0.000642 25
0.000643 25
0.000644 25
0.000645 25
0.000646 25
0.000647 25
0.000648 25
0.000649 25
0.00065 25
0.000651 25
0.000652 25
0.000653 25
0.000654 25
0.000655 25
0.000656 25
0.000657 25
0.000658 25
0.000659 25
0.00066 25
0.000661 25
0.000662 25
0.000663 25
0.000664 25
0.000665 25
0.000666 25
0.000667 25
0.000668 25
0.000669 25
0.00067 25
0.000671 25
0.000672 25
0.000673 25
0.000674 25
0.000675 25
0.000676 25
0.000677 25
0.000678 25
0.000679 25
0.00068 25
0.000681 25
0.000682 25
0.000683 25
0.000684 25
0.000685 25
0.000686 25
0.000687 25
0.000688 25
0.000689 25
0.00069 25
0.000691 25
0.000692 25
0.000693 25
0.000694 25
0.000695 25
0.000696 25
0.000697 25
0.000698 25
0.000699 25
0.0007 25
0.000701 25
0.000702 25
0.000703 25
0.000704 25
0.000705 25
0.000706 25
0.000707 25
0.000708 25
0.000709 25
0.00071 25
0.000711 25
0.000712 25
0.000713 25
0.000714 25
0.000715 25
0.000716 25
0.000717 25
0.000718 25
0.000719 25
0.00072 25
0.000721 25
0.000722 25
0.000723 25
0.000724 25
0.000725 25
0.000726 25
0.000727 25
0.000728 25
0.000729 25
0.00073 25
0.000731 25
0.000732 25
0.000733 25
0.000734 25
0.000735 25
0.000736 25
0.000737 25
0.000738 25
0.000739 25
0.00074 25
0.000741 25
0.000742 25
0.000743 25
0.000744 25
0.000745 25
0.000746 25
0.000747 25
0.000748 25
0.000749 25
0.00075 25
0.000751 25
0.000752 25
0.000753 25
0.000754 25
0.000755 25
0.000756 25
0.000757 25
0.000758 25
0.000759 25
0.00076 25
0.000761 25
0.000762 25
0.000763 25
0.000764 25
0.000765 25
0.000766 25
0.000767 25
0.000768 25
0.000769 25
0.00077 25
0.000771 25
0.000772 25
0.000773 25
0.000774 25
0.000775 25
0.000776 25
0.000777 25
0.000778 25
0.000779 25
0.00078 25
0.000781 25
0.000782 25
0.000783 25
0.000784 25
0.000785 25
0.000786 25
0.000787 25
0.000788 25
0.000789 25
0.00079 25
0.000791 25
0.000792 25
0.000793 25
0.000794 25
0.000795 25
0.000796 25
0.000797 25
0.000798 25
0.000799 25
0.0008 25
0.000801 25
0.000802 25
0.000803 25
0.000804 25
0.000805 25
0.000806 25
0.000807 25
0.000808 25
0.000809 25
0.00081 25
0.000811 25
0.000812 25
0.000813 25
0.000814 25
0.000815 25
0.000816 25
0.000817 25
0.000818 25
0.000819 25
0.00082 25
0.000821 25
0.000822 25
0.000823 25
0.000824 25
0.000825 25
0.000826 25
0.000827 25
0.000828 25
0.000829 25
0.00083 25
0.000831 25
0.000832 25
0.000833 25
0.000834 25
0.000835 25
0.000836 25
0.000837 25
0.000838 25
0.000839 25
0.00084 25
0.000841 25
0.000842 25
0.000843 25
0.000844 25
0.000845 25
0.000846 25
0.000847 25
0.000848 25
0.000849 25
0.00085 25
0.000851 25
0.000852 25
0.000853 25
0.000854 25
0.000855 25
0.000856 25
0.000857 25
0.000858 25
0.000859 25
0.00086 25
0.000861 25
0.000862 25
0.000863 25
0.000864 25
0.000865 25
0.000866 25
0.000867 25
0.000868 25
0.000869 25
0.00087 25
0.000871 25
0.000872 25
0.000873 25
0.000874 25
0.000875 25
0.000876 25
0.000877 25
0.000878 25
0.000879 25
0.00088 25
0.000881 25
0.000882 25
0.000883 25
0.000884 25
0.000885 25
0.000886 25
0.000887 25
0.000888 25
0.000889 25
0.00089 25
0.000891 25
0.000892 25
0.000893 25
0.000894 25
0.000895 25
0.000896 25
0.000897 25
0.000898 25
0.000899 25
0.0009 25
0.000901 25
0.000902 25
0.000903 25
0.000904 25
0.000905 25
0.000906 25
0.000907 25
0.000908 25
0.000909 25
0.00091 25
0.000911 25
0.000912 25
0.000913 25
0.000914 25
0.000915 25
0.000916 25
0.000917 25
0.000918 25
0.000919 25
0.00092 25
0.000921 25
0.000922 25
0.000923 25
0.000924 25
0.000925 25
0.000926 25
0.000927 25
0.000928 25
0.000929 25
0.00093 25
0.000931 25
0.000932 25
0.000933 25
0.000934 25
0.000935 25
0.000936 25
0.000937 25
0.000938 25
0.000939 25
0.00094 25
0.000941 25
0.000942 25
0.000943 25
0.000944 25
0.000945 25
0.000946 25
0.000947 25
0.000948 25
0.000949 25
0.00095 25
0.000951 25
0.000952 25
0.000953 25
0.000954 25
0.000955 25
0.000956 25
0.000957 25
0.000958 25
0.000959 25
0.00096 25
0.000961 25
0.000962 25
0.000963 25
0.000964 25
0.000965 25
0.000966 25
0.000967 25
0.000968 25
0.000969 25
0.00097 25
0.000971 25
0.000972 25
0.000973 25
0.000974 25
0.000975 25
0.000976 25
0.000977 25
0.000978 25
0.000979 25
0.00098 25
0.000981 25
0.000982 25
0.000983 25
0.000984 25
0.000985 25
0.000986 25
0.000987 25
0.000988 25
0.000989 25
0.00099 25
0.000991 25
0.000992 25
0.000993 25
0.000994 25
0.000995 25
0.000996 25
0.000997 25
0.000998 25
0.000999 25
0.001 25
