0 35
1e-06 34
2e-06 33
3e-06 33
4e-06 33
5e-06 33
6e-06 30
7e-06 29
8e-06 29
9e-06 28
1e-05 27
1.1e-05 25
1.2e-05 24
1.3e-05 24
1.4e-05 24
1.5e-05 24
1.6e-05 24
1.7e-05 24
1.8e-05 24
1.9e-05 24
2e-05 24
2.1e-05 24
2.2e-05 23
2.3e-05 23
2.4e-05 22
2.5e-05 22
2.6e-05 22
2.7e-05 22
2.8e-05 22
2.9e-05 22
3e-05 22
3.1e-05 22
3.2e-05 22
3.3e-05 22
3.4e-05 22
3.5e-05 22
3.6e-05 22
3.7e-05 22
3.8e-05 22
3.9e-05 22
4e-05 22
4.1e-05 22
4.2e-05 22
4.3e-05 21
4.4e-05 21
4.5e-05 21
4.6e-05 21
4.7e-05 20
4.8e-05 20
4.9e-05 20
5e-05 20
5.1e-05 20
5.2e-05 20
5.3e-05 20
5.4e-05 20
5.5e-05 20
5.6e-05 20
5.7e-05 20
5.8e-05 20
5.9e-05 20
6e-05 20
6.1e-05 20
6.2e-05 20
6.3e-05 20
6.4e-05 20
6.5e-05 20
6.6e-05 20
6.7e-05 20
6.8e-05 20
6.9e-05 20
7e-05 20
7.1e-05 20
7.2e-05 20
7.3e-05 20
7.4e-05 20
7.5e-05 20
7.6e-05 20
7.7e-05 20
7.8e-05 20
7.9e-05 20
8e-05 20
8.1e-05 20
8.2e-05 20
8.3e-05 20
8.4e-05 20
8.5e-05 20
8.6e-05 20
8.7e-05 20
8.8e-05 20
8.9e-05 20
9e-05 20
9.1e-05 20
9.2e-05 20
9.3e-05 20
9.4e-05 20
9.5e-05 20
9.6e-05 20
9.7e-05 20
9.8e-05 20
9.9e-05 20
0.0001 20
0.000101 20
0.000102 20
0.000103 20
0.000104 20
0.000105 20
0.000106 20
0.000107 20
0.000108 20
0.000109 20
0.00011 20
0.000111 20
0.000112 20
0.000113 20
0.000114 20
0.000115 20
0.000116 20
0.000117 20
0.000118 20
0.000119 20
0.00012 20
0.000121 20
0.000122 20
0.000123 20
0.000124 20
0.000125 20
0.000126 20
0.000127 20
0.000128 20
0.000129 20
0.00013 20
0.000131 20
0.000132 20
0.000133 20
0.000134 20
0.000135 20
0.000136 20
0.000137 20
0.000138 20
0.000139 20
0.00014 20
0.000141 20
0.000142 20
0.000143 20
0.000144 20
0.000145 20
0.000146 20
0.000147 20
0.000148 20
0.000149 20
0.00015 20
0.000151 20
0.000152 20
0.000153 20
0.000154 20
0.000155 20
0.000156 20
0.000157 20
0.000158 20
0.000159 20
0.00016 20
0.000161 20
0.000162 20
0.000163 20
0.000164 20
0.000165 20
0.000166 20
0.000167 20
0.000168 20
0.000169 20
0.00017 20
0.000171 20
0.000172 20
0.000173 20
0.000174 20
0.000175 20
0.000176 20
0.000177 20
0.000178 20
0.000179 20
0.00018 20
0.000181 20
0.000182 20
0.000183 20
0.000184 20
0.000185 20
0.000186 20
0.000187 20
0.000188 20
0.000189 20
0.00019 20
0.000191 20
0.000192 20
0.000193 20
0.000194 20
0.000195 20
0.000196 20
0.000197 20
0.000198 20
0.000199 20
0.0002 20
0.000201 20
0.000202 20
0.000203 20
0.000204 20
0.000205 20
0.000206 20
0.000207 20
0.000208 20
0.000209 20
0.00021 20
0.000211 20
0.000212 20
0.000213 20
0.000214 20
0.000215 20
0.000216 20
0.000217 20
0.000218 20
0.000219 20
0.00022 20
0.000221 20
0.000222 20
0.000223 20
0.000224 20
0.000225 20
0.000226 20
0.000227 20
0.000228 20
0.000229 20
0.00023 20
0.000231 20
0.000232 20
0.000233 20
0.000234 20
0.000235 20
0.000236 20
0.000237 20
0.000238 20
0.000239 20
0.00024 20
0.000241 20
0.000242 20
0.000243 20
0.000244 20
0.000245 20
0.000246 20
0.000247 20
0.000248 20
0.000249 20
0.00025 20
0.000251 20
0.000252 20
0.000253 20
0.000254 20
0.000255 20
0.000256 20
0.000257 20
0.000258 20
0.000259 20
0.00026 20
0.000261 20
0.000262 20
0.000263 20
0.000264 20
0.000265 20
0.000266 20
0.000267 20
0.000268 20
0.000269 20
0.00027 20
0.000271 20
0.000272 20
0.000273 20
0.000274 20
0.000275 20
0.000276 20
0.000277 20
0.000278 20
0.000279 20
0.00028 20
0.000281 20
0.000282 20
0.000283 20
0.000284 20
0.000285 20
0.000286 20
0.000287 20
0.000288 20
0.000289 20
0.00029 20
0.000291 20
0.000292 20
0.000293 20
0.000294 20
0.000295 20
0.000296 20
0.000297 20
0.000298 20
0.000299 20
0.0003 20
0.000301 20
0.000302 20
0.000303 20
0.000304 20
0.000305 20
0.000306 20
0.000307 20
0.000308 20
0.000309 20
0.00031 20
0.000311 20
0.000312 20
0.000313 20
0.000314 20
0.000315 20
0.000316 20
0.000317 20
0.000318 20
0.000319 20
0.00032 20
0.000321 20
0.000322 20
0.000323 20
0.000324 20
0.000325 20
0.000326 20
0.000327 20
0.000328 20
0.000329 20
0.00033 20
0.000331 20
0.000332 20
0.000333 20
0.000334 20
0.000335 20
0.000336 20
0.000337 20
0.000338 20
0.000339 20
0.00034 20
0.000341 20
0.000342 20
0.000343 20
0.000344 20
0.000345 20
0.000346 20
0.000347 20
0.000348 20
0.000349 20
0.00035 20
0.000351 20
0.000352 20
0.000353 20
0.000354 20
0.000355 20
0.000356 20
0.000357 20
0.000358 20
0.000359 20
0.00036 20
0.000361 20
0.000362 20
0.000363 20
0.000364 20
0.000365 20
0.000366 20
0.000367 20
0.000368 20
0.000369 20
0.00037 20
0.000371 20
0.000372 20
0.000373 20
0.000374 20
0.000375 20
0.000376 20
0.000377 20
0.000378 20
0.000379 20
0.00038 20
0.000381 20
0.000382 20
0.000383 20
0.000384 20
0.000385 20
0.000386 20
0.000387 20
0.000388 20
0.000389 20
0.00039 20
0.000391 20
0.000392 20
0.000393 20
0.000394 20
0.000395 20
0.000396 20
0.000397 20
0.000398 20
0.000399 20
0.0004 20
0.000401 20
0.000402 20
0.000403 20
0.000404 20
0.000405 20
0.000406 20
0.000407 20
0.000408 20
0.000409 20
0.00041 20
0.000411 20
0.000412 20
0.000413 20
0.000414 20
0.000415 20
0.000416 20
0.000417 20
0.000418 20
0.000419 20
0.00042 20
0.000421 20
0.000422 20
0.000423 20
0.000424 20
0.000425 20
0.000426 19
0.000427 19
0.000428 19
0.000429 19
0.00043 19
0.000431 19
0.000432 19
0.000433 19
0.000434 19
0.000435 19
0.000436 19
0.000437 19
0.000438 19
0.000439 19
0.00044 19
0.000441 19
0.000442 19
0.000443 19
0.000444 19
0.000445 19
0.000446 19
0.000447 19
0.000448 19
0.000449 19
0.00045 19
0.000451 19
0.000452 19
0.000453 19
0.000454 19
0.000455 19
0.000456 19
0.000457 19
0.000458 19
0.000459 19
0.00046 19
0.000461 19
0.000462 19
0.000463 19
0.000464 19
0.000465 19
0.000466 19
0.000467 19
0.000468 19
0.000469 19
0.00047 19
0.000471 19
0.000472 19
0.000473 19
0.000474 19
0.000475 19
0.000476 19
0.000477 19
0.000478 19
0.000479 19
0.00048 19
0.000481 19
0.000482 19
0.000483 19
0.000484 19
0.000485 19
0.000486 19
0.000487 19
0.000488 19
0.000489 19
0.00049 19
0.000491 19
0.000492 19
0.000493 19
0.000494 19
0.000495 19
0.000496 19
0.000497 19
0.000498 19
0.000499 19
0.0005 19
0.000501 19
0.000502 19
0.000503 19
0.000504 19
0.000505 19
0.000506 19
0.000507 19
0.000508 19
0.000509 19
0.00051 19
0.000511 19
0.000512 19
0.000513 19
0.000514 19
0.000515 19
0.000516 19
0.000517 19
0.000518 19
0.000519 19
0.00052 19
0.000521 19
0.000522 19
0.000523 19
0.000524 19
0.000525 19
0.000526 19
0.000527 19
0.000528 19
0.000529 19
0.00053 19
0.000531 19
0.000532 19
0.000533 19
0.000534 19
0.000535 19
0.000536 19
0.000537 19
0.000538 19
0.000539 19
0.00054 19
0.000541 19
0.000542 19
0.000543 19
0.000544 19
0.000545 19
0.000546 19
0.000547 19
0.000548 19
0.000549 19
0.00055 19
0.000551 19
0.000552 19
0.000553 19
0.000554 19
0.000555 19
0.000556 19
0.000557 19
0.000558 19
0.000559 19
0.00056 19
0.000561 19
0.000562 19
0.000563 19
0.000564 19
0.000565 19
0.000566 19
0.000567 19
0.000568 19
0.000569 19
0.00057 19
0.000571 19
0.000572 19
0.000573 19
0.000574 19
0.000575 19
0.000576 19
0.000577 19
0.000578 19
0.000579 19
0.00058 19
0.000581 19
0.000582 19
0.000583 19
0.000584 19
0.000585 19
0.000586 19
0.000587 19
0.000588 19
0.000589 19
0.00059 19
0.000591 19
0.000592 19
0.000593 19
0.000594 19
0.000595 19
0.000596 19
0.000597 19
0.000598 19
0.000599 19
0.0006 19
0.000601 19
0.000602 19
0.000603 19
0.000604 19
0.000605 19
0.000606 19
0.000607 19
0.000608 19
0.000609 19
0.00061 19
0.000611 19
0.000612 19
0.000613 19
0.000614 19
0.000615 19
0.000616 19
0.000617 19
0.000618 19
0.000619 19
0.00062 19
0.000621 19
0.000622 19
0.000623 19
0.000624 19
0.000625 19
0.000626 19
0.000627 19
0.000628 19
0.000629 19
0.00063 19
0.000631 19
0.000632 19
0.000633 19
0.000634 19
0.000635 19
0.000636 19
0.000637 19
0.000638 19
0.000639 19
0.00064 19
0.000641 19
0.000642 19
0.000643 19
0.000644 19
0.000645 19
0.000646 19
0.000647 19
0.000648 19
0.000649 19
0.00065 19
0.000651 19
0.000652 19
0.000653 19
0.000654 19
0.000655 19
0.000656 19
0.000657 19
0.000658 19
0.000659 19
0.00066 19
0.000661 19
0.000662 19
0.000663 19
0.000664 19
0.000665 19
0.000666 19
0.000667 19
0.000668 19
0.000669 19
0.00067 19
0.000671 19
0.000672 19
0.000673 19
0.000674 19
0.000675 19
0.000676 19
0.000677 19
0.000678 19
0.000679 19
0.00068 19
0.000681 19
0.000682 19
0.000683 19
0.000684 19
0.000685 19
0.000686 19
0.000687 19
0.000688 19
0.000689 19
0.00069 19
0.000691 19
0.000692 19
0.000693 19
0.000694 19
0.000695 19
0.000696 19
0.000697 19
0.000698 19
0.000699 19
0.0007 19
0.000701 19
0.000702 19
0.000703 19
0.000704 19
0.000705 19
0.000706 19
0.000707 19
0.000708 19
0.000709 19
0.00071 19
0.000711 19
0.000712 19
0.000713 19
0.000714 19
0.000715 19
0.000716 19
0.000717 19
0.000718 19
0.000719 19
0.00072 19
0.000721 19
0.000722 19
0.000723 19
0.000724 19
0.000725 19
0.000726 19
0.000727 19
0.000728 19
0.000729 19
0.00073 19
0.000731 19
0.000732 19
0.000733 19
0.000734 19
0.000735 19
0.000736 19
0.000737 19
0.000738 19
0.000739 19
0.00074 19
0.000741 19
0.000742 19
0.000743 19
0.000744 19
0.000745 19
0.000746 19
0.000747 19
0.000748 19
0.000749 19
0.00075 19
0.000751 19
0.000752 19
0.000753 19
0.000754 19
0.000755 19
0.000756 19
0.000757 19
0.000758 19
0.000759 19
0.00076 19
0.000761 19
0.000762 19
0.000763 19
0.000764 19
0.000765 19
0.000766 19
0.000767 19
0.000768 19
0.000769 19
0.00077 19
0.000771 19
0.000772 19
0.000773 19
0.000774 19
0.000775 19
0.000776 19
0.000777 19
0.000778 19
0.000779 19
0.00078 19
0.000781 19
0.000782 19
0.000783 19
0.000784 19
0.000785 19
0.000786 19
0.000787 19
0.000788 19
0.000789 19
0.00079 19
0.000791 19
0.000792 19
0.000793 19
0.000794 19
0.000795 19
0.000796 19
0.000797 19
0.000798 19
0.000799 19
0.0008 19
0.000801 19
0.000802 19
0.000803 19
0.000804 19
0.000805 19
0.000806 19
0.000807 19
0.000808 19
0.000809 19
0.00081 19
0.000811 19
0.000812 19
0.000813 19
0.000814 19
0.000815 19
0.000816 19
0.000817 19
0.000818 19
0.000819 19
0.00082 19
0.000821 19
0.000822 19
0.000823 19
0.000824 19
0.000825 19
0.000826 19
0.000827 19
0.000828 19
0.000829 19
0.00083 19
0.000831 19
0.000832 19
0.000833 19
0.000834 19
0.000835 19
0.000836 19
0.000837 19
0.000838 19
0.000839 19
0.00084 19
0.000841 19
0.000842 19
0.000843 19
0.000844 19
0.000845 19
0.000846 19
0.000847 19
0.000848 19
0.000849 19
0.00085 19
0.000851 19
0.000852 19
0.000853 19
0.000854 19
0.000855 19
0.000856 19
0.000857 19
0.000858 19
0.000859 19
0.00086 19
0.000861 19
0.000862 19
0.000863 19
0.000864 19
0.000865 19
0.000866 19
0.000867 19
0.000868 19
0.000869 19
0.00087 19
0.000871 19
0.000872 19
0.000873 19
0.000874 19
0.000875 19
0.000876 19
0.000877 19
0.000878 19
0.000879 19
0.00088 19
0.000881 19
0.000882 19
0.000883 19
0.000884 19
0.000885 19
0.000886 19
0.000887 19
0.000888 19
0.000889 19
0.00089 19
0.000891 19
0.000892 19
0.000893 19
0.000894 19
0.000895 19
0.000896 19
0.000897 19
0.000898 19
0.000899 19
0.0009 19
0.000901 19
0.000902 19
0.000903 19
0.000904 19
0.000905 19
0.000906 19
0.000907 19
0.000908 19
0.000909 19
0.00091 19
0.000911 19
0.000912 19
0.000913 19
0.000914 19
0.000915 19
0.000916 19
0.000917 19
0.000918 19
0.000919 19
0.00092 19
0.000921 19
0.000922 19
0.000923 19
0.000924 19
0.000925 19
0.000926 19
0.000927 19
0.000928 19
0.000929 19
0.00093 19
0.000931 19
0.000932 19
0.000933 19
0.000934 19
0.000935 19
0.000936 19
0.000937 19
0.000938 19
0.000939 19
0.00094 19
0.000941 19
0.000942 19
0.000943 19
0.000944 19
0.000945 19
0.000946 19
0.000947 19
0.000948 19
0.000949 19
0.00095 19
0.000951 19
0.000952 19
0.000953 19
0.000954 19
0.000955 19
0.000956 19
0.000957 19
0.000958 19
0.000959 19
0.00096 19
0.000961 19
0.000962 19
0.000963 19
0.000964 19
0.000965 19
0.000966 19
0.000967 19
0.000968 19
0.000969 19
0.00097 19
0.000971 19
0.000972 19
0.000973 19
0.000974 19
0.000975 19
0.000976 19
0.000977 19
0.000978 19
0.000979 19
0.00098 19
0.000981 19
0.000982 19
0.000983 19
0.000984 19
0.000985 19
0.000986 19
0.000987 19
0.000988 19
0.000989 19
0.00099 19
0.000991 19
0.000992 19
0.000993 19
0.000994 19
0.000995 19
0.000996 19
0.000997 19
0.000998 19
0.000999 19
0.001 19
