0 500
1e-06 500
2e-06 500
3e-06 500
4e-06 499
5e-06 499
6e-06 498
7e-06 496
8e-06 495
9e-06 493
1e-05 491
1.1e-05 491
1.2e-05 491
1.3e-05 490
1.4e-05 490
1.5e-05 490
1.6e-05 490
1.7e-05 490
1.8e-05 490
1.9e-05 489
2e-05 489
2.1e-05 489
2.2e-05 489
2.3e-05 488
2.4e-05 488
2.5e-05 488
2.6e-05 488
2.7e-05 488
2.8e-05 488
2.9e-05 488
3e-05 488
3.1e-05 488
3.2e-05 488
3.3e-05 488
3.4e-05 488
3.5e-05 488
3.6e-05 488
3.7e-05 488
3.8e-05 488
3.9e-05 488
4e-05 488
4.1e-05 488
4.2e-05 488
4.3e-05 488
4.4e-05 488
4.5e-05 488
4.6e-05 488
4.7e-05 488
4.8e-05 487
4.9e-05 487
5e-05 487
5.1e-05 487
5.2e-05 487
5.3e-05 487
5.4e-05 487
5.5e-05 487
5.6e-05 487
5.7e-05 487
5.8e-05 487
5.9e-05 487
6e-05 487
6.1e-05 487
6.2e-05 487
6.3e-05 487
6.4e-05 487
6.5e-05 487
6.6e-05 487
6.7e-05 487
6.8e-05 487
6.9e-05 487
7e-05 487
7.1e-05 487
7.2e-05 487
7.3e-05 487
7.4e-05 487
7.5e-05 487
7.6e-05 487
7.7e-05 487
7.8e-05 487
7.9e-05 487
8e-05 487
8.1e-05 487
8.2e-05 487
8.3e-05 487
8.4e-05 487
8.5e-05 487
8.6e-05 487
8.7e-05 487
8.8e-05 487
8.9e-05 487
9e-05 487
9.1e-05 487
9.2e-05 487
9.3e-05 487
9.4e-05 487
9.5e-05 487
9.6e-05 487
9.7e-05 487
9.8e-05 487
9.9e-05 487
0.0001 487
0.000101 487
0.000102 487
0.000103 487
0.000104 487
0.000105 487
0.000106 487
0.000107 487
0.000108 487
0.000109 487
0.00011 487
0.000111 487
0.000112 487
0.000113 487
0.000114 486
0.000115 486
0.000116 486
0.000117 486
0.000118 486
0.000119 486
0.00012 486
0.000121 486
0.000122 486
0.000123 486
0.000124 486
0.000125 486
0.000126 486
0.000127 486
0.000128 486
0.000129 486
0.00013 486
0.000131 486
0.000132 486
0.000133 486
0.000134 486
0.000135 486
0.000136 486
0.000137 486
0.000138 486
0.000139 486
0.00014 486
0.000141 486
0.000142 486
0.000143 486
0.000144 486
0.000145 486
0.000146 486
0.000147 486
0.000148 486
0.000149 486
0.00015 486
0.000151 486
0.000152 486
0.000153 486
0.000154 486
0.000155 486
0.000156 486
0.000157 486
0.000158 486
0.000159 486
0.00016 486
0.000161 486
0.000162 486
0.000163 486
0.000164 486
0.000165 486
0.000166 486
0.000167 486
0.000168 486
0.000169 486
0.00017 486
0.000171 486
0.000172 486
0.000173 486
0.000174 486
0.000175 486
0.000176 486
0.000177 486
0.000178 486
0.000179 486
0.00018 486
0.000181 486
0.000182 486
0.000183 486
0.000184 486
0.000185 486
0.000186 486
0.000187 486
0.000188 486
0.000189 486
0.00019 486
0.000191 486
0.000192 486
0.000193 486
0.000194 486
0.000195 486
0.000196 486
0.000197 486
0.000198 486
0.000199 486
0.0002 486
0.000201 486
0.000202 486
0.000203 486
0.000204 486
0.000205 486
0.000206 486
0.000207 486
0.000208 486
0.000209 486
0.00021 486
0.000211 486
0.000212 486
0.000213 486
0.000214 486
0.000215 486
0.000216 486
0.000217 486
0.000218 486
0.000219 486
0.00022 486
0.000221 486
0.000222 486
0.000223 486
0.000224 486
0.000225 486
0.000226 486
0.000227 486
0.000228 486
0.000229 486
0.00023 486
0.000231 486
0.000232 486
0.000233 486
0.000234 486
0.000235 486
0.000236 486
0.000237 486
0.000238 486
0.000239 486
0.00024 486
0.000241 486
0.000242 486
0.000243 486
0.000244 486
0.000245 486
0.000246 486
0.000247 486
0.000248 486
0.000249 486
0.00025 486
0.000251 486
0.000252 486
0.000253 486
0.000254 486
0.000255 486
0.000256 486
0.000257 486
0.000258 486
0.000259 486
0.00026 486
0.000261 486
0.000262 486
0.000263 486
0.000264 486
0.000265 486
0.000266 486
0.000267 486
0.000268 486
0.000269 486
0.00027 486
0.000271 486
0.000272 486
0.000273 486
0.000274 486
0.000275 486
0.000276 486
0.000277 486
0.000278 486
0.000279 486
0.00028 486
0.000281 486
0.000282 486
0.000283 486
0.000284 486
0.000285 486
0.000286 486
0.000287 486
0.000288 486
0.000289 486
0.00029 486
0.000291 486
0.000292 486
0.000293 486
0.000294 486
0.000295 486
0.000296 486
0.000297 486
0.000298 486
0.000299 486
0.0003 486
0.000301 486
0.000302 486
0.000303 486
0.000304 486
0.000305 486
0.000306 486
0.000307 486
0.000308 486
0.000309 486
0.00031 486
0.000311 486
0.000312 486
0.000313 486
0.000314 486
0.000315 486
0.000316 486
0.000317 486
0.000318 486
0.000319 486
0.00032 486
0.000321 486
0.000322 486
0.000323 486
0.000324 486
0.000325 486
0.000326 486
0.000327 486
0.000328 486
0.000329 486
0.00033 486
0.000331 486
0.000332 486
0.000333 486
0.000334 486
0.000335 486
0.000336 486
0.000337 486
0.000338 486
0.000339 486
0.00034 486
0.000341 486
0.000342 486
0.000343 486
0.000344 486
0.000345 486
0.000346 486
0.000347 486
0.000348 486
0.000349 486
0.00035 486
0.000351 486
0.000352 486
0.000353 486
0.000354 486
0.000355 486
0.000356 486
0.000357 486
0.000358 486
0.000359 486
0.00036 486
0.000361 486
0.000362 486
0.000363 486
0.000364 486
0.000365 486
0.000366 486
0.000367 486
0.000368 486
0.000369 486
0.00037 486
0.000371 486
0.000372 486
0.000373 486
0.000374 486
0.000375 486
0.000376 486
0.000377 486
0.000378 486
0.000379 486
0.00038 486
0.000381 486
0.000382 486
0.000383 486
0.000384 486
0.000385 486
0.000386 486
0.000387 486
0.000388 486
0.000389 486
0.00039 486
0.000391 486
0.000392 486
0.000393 486
0.000394 486
0.000395 486
0.000396 486
0.000397 486
0.000398 486
0.000399 486
0.0004 486
0.000401 486
0.000402 486
0.000403 486
0.000404 486
0.000405 486
0.000406 486
0.000407 486
0.000408 486
0.000409 486
0.00041 486
0.000411 486
0.000412 486
0.000413 486
0.000414 486
0.000415 486
0.000416 486
0.000417 486
0.000418 486
0.000419 486
0.00042 486
0.000421 486
0.000422 486
0.000423 486
0.000424 486
0.000425 486
0.000426 486
0.000427 486
0.000428 486
0.000429 486
0.00043 486
0.000431 486
0.000432 486
0.000433 486
0.000434 486
0.000435 486
0.000436 486
0.000437 486
0.000438 486
0.000439 486
0.00044 486
0.000441 486
0.000442 486
0.000443 486
0.000444 486
0.000445 486
0.000446 486
0.000447 486
0.000448 486
0.000449 486
0.00045 486
0.000451 486
0.000452 486
0.000453 486
0.000454 486
0.000455 486
0.000456 486
0.000457 486
0.000458 486
0.000459 486
0.00046 486
0.000461 486
0.000462 486
0.000463 486
0.000464 486
0.000465 486
0.000466 486
0.000467 486
0.000468 486
0.000469 486
0.00047 486
0.000471 486
0.000472 486
0.000473 486
0.000474 486
0.000475 486
0.000476 486
0.000477 486
0.000478 486
0.000479 486
0.00048 486
0.000481 486
0.000482 486
0.000483 486
0.000484 486
0.000485 486
0.000486 486
0.000487 486
0.000488 486
0.000489 486
0.00049 486
0.000491 486
0.000492 486
0.000493 486
0.000494 486
0.000495 486
0.000496 486
0.000497 486
0.000498 486
0.000499 486
0.0005 486
0.000501 486
0.000502 486
0.000503 486
0.000504 486
0.000505 486
0.000506 486
0.000507 486
0.000508 486
0.000509 486
0.00051 486
0.000511 486
0.000512 486
0.000513 486
0.000514 486
0.000515 486
0.000516 486
0.000517 486
0.000518 486
0.000519 486
0.00052 486
0.000521 486
0.000522 486
0.000523 486
0.000524 486
0.000525 486
0.000526 486
0.000527 486
0.000528 486
0.000529 486
0.00053 486
0.000531 486
0.000532 486
0.000533 486
0.000534 486
0.000535 486
0.000536 486
0.000537 486
0.000538 486
0.000539 486
0.00054 486
0.000541 486
0.000542 486
0.000543 486
0.000544 486
0.000545 486
0.000546 486
0.000547 486
0.000548 486
0.000549 486
0.00055 486
0.000551 486
0.000552 486
0.000553 486
0.000554 486
0.000555 486
0.000556 486
0.000557 486
0.000558 486
0.000559 486
0.00056 486
0.000561 486
0.000562 486
0.000563 486
0.000564 486
0.000565 486
0.000566 486
0.000567 486
0.000568 486
0.000569 486
0.00057 486
0.000571 486
0.000572 486
0.000573 486
0.000574 486
0.000575 486
0.000576 486
0.000577 486
0.000578 486
0.000579 486
0.00058 486
0.000581 486
0.000582 486
0.000583 486
0.000584 486
0.000585 486
0.000586 486
0.000587 486
0.000588 486
0.000589 486
0.00059 486
0.000591 486
0.000592 486
0.000593 486
0.000594 486
0.000595 486
0.000596 486
0.000597 486
0.000598 486
0.000599 486
0.0006 486
0.000601 486
0.000602 486
0.000603 486
0.000604 486
0.000605 486
0.000606 486
0.000607 486
0.000608 486
0.000609 486
0.00061 486
0.000611 486
0.000612 486
0.000613 486
0.000614 486
0.000615 486
0.000616 486
0.000617 486
0.000618 486
0.000619 486
0.00062 486
0.000621 486
0.000622 486
0.000623 486
0.000624 486
0.000625 486
0.000626 486
0.000627 486
0.000628 486
0.000629 486
0.00063 486
0.000631 486
0.000632 486
0.000633 486
0.000634 486
0.000635 486
0.000636 486
0.000637 486
0.000638 486
0.000639 486
0.00064 486
0.000641 486
0.000642 486
0.000643 486
0.000644 486
0.000645 486
0.000646 486
0.000647 486
0.000648 486
0.000649 486
0.00065 486
0.000651 486
0.000652 486
0.000653 486
0.000654 486
0.000655 486
0.000656 486
0.000657 486
0.000658 486
0.000659 486
0.00066 486
0.000661 486
0.000662 486
0.000663 486
0.000664 486
0.000665 486
0.000666 486
0.000667 486
0.000668 486
0.000669 486
0.00067 486
0.000671 486
0.000672 486
0.000673 486
0.000674 486
0.000675 486
0.000676 486
0.000677 486
0.000678 486
0.000679 486
0.00068 486
0.000681 486
0.000682 486
0.000683 486
0.000684 486
0.000685 486
0.000686 486
0.000687 486
0.000688 486
0.000689 486
0.00069 486
0.000691 486
0.000692 486
0.000693 486
0.000694 486
0.000695 486
0.000696 486
0.000697 486
0.000698 486
0.000699 486
0.0007 486
0.000701 486
0.000702 486
0.000703 486
0.000704 486
0.000705 486
0.000706 486
0.000707 486
0.000708 486
0.000709 486
0.00071 486
0.000711 486
0.000712 486
0.000713 486
0.000714 486
0.000715 486
0.000716 486
0.000717 486
0.000718 486
0.000719 486
0.00072 486
0.000721 486
0.000722 486
0.000723 486
0.000724 486
0.000725 486
0.000726 486
0.000727 486
0.000728 486
0.000729 486
0.00073 486
0.000731 486
0.000732 486
0.000733 486
0.000734 486
0.000735 486
0.000736 486
0.000737 486
0.000738 486
0.000739 486
0.00074 486
0.000741 486
0.000742 486
0.000743 486
0.000744 486
0.000745 486
0.000746 486
0.000747 486
0.000748 486
0.000749 486
0.00075 486
0.000751 486
0.000752 486
0.000753 486
0.000754 486
0.000755 486
0.000756 486
0.000757 486
0.000758 486
0.000759 486
0.00076 486
0.000761 486
0.000762 486
0.000763 486
0.000764 486
0.000765 486
0.000766 486
0.000767 486
0.000768 486
0.000769 486
0.00077 486
0.000771 486
0.000772 486
0.000773 486
0.000774 486
0.000775 486
0.000776 486
0.000777 486
0.000778 486
0.000779 486
0.00078 486
0.000781 486
0.000782 486
0.000783 486
0.000784 486
0.000785 486
0.000786 486
0.000787 486
0.000788 486
0.000789 486
0.00079 486
0.000791 486
0.000792 486
0.000793 486
0.000794 486
0.000795 486
0.000796 486
0.000797 486
0.000798 486
0.000799 486
0.0008 486
0.000801 486
0.000802 486
0.000803 486
0.000804 486
0.000805 486
0.000806 486
0.000807 486
0.000808 486
0.000809 486
0.00081 486
0.000811 486
0.000812 486
0.000813 486
0.000814 486
0.000815 486
0.000816 486
0.000817 486
0.000818 486
0.000819 486
0.00082 486
0.000821 486
0.000822 486
0.000823 486
0.000824 486
0.000825 486
0.000826 486
0.000827 486
0.000828 486
0.000829 486
0.00083 486
0.000831 486
0.000832 486
0.000833 486
0.000834 486
0.000835 486
0.000836 486
0.000837 486
0.000838 486
0.000839 486
0.00084 486
0.000841 486
0.000842 486
0.000843 486
0.000844 486
0.000845 486
0.000846 486
0.000847 486
0.000848 486
0.000849 486
0.00085 486
0.000851 486
0.000852 486
0.000853 486
0.000854 486
0.000855 486
0.000856 486
0.000857 486
0.000858 486
0.000859 486
0.00086 486
0.000861 486
0.000862 486
0.000863 486
0.000864 486
0.000865 486
0.000866 486
0.000867 486
0.000868 486
0.000869 486
0.00087 486
0.000871 486
0.000872 486
0.000873 486
0.000874 486
0.000875 486
0.000876 486
0.000877 486
0.000878 486
0.000879 486
0.00088 486
0.000881 486
0.000882 486
0.000883 486
0.000884 486
0.000885 486
0.000886 486
0.000887 486
0.000888 486
0.000889 486
0.00089 486
0.000891 486
0.000892 486
0.000893 486
0.000894 486
0.000895 486
0.000896 486
0.000897 486
0.000898 486
0.000899 486
0.0009 486
0.000901 486
0.000902 486
0.000903 486
0.000904 486
0.000905 486
0.000906 486
0.000907 486
0.000908 486
0.000909 486
0.00091 486
0.000911 486
0.000912 486
0.000913 486
0.000914 486
0.000915 486
0.000916 486
0.000917 486
0.000918 486
0.000919 486
0.00092 486
0.000921 486
0.000922 486
0.000923 486
0.000924 486
0.000925 486
0.000926 486
0.000927 486
0.000928 486
0.000929 486
0.00093 486
0.000931 486
0.000932 486
0.000933 486
0.000934 486
0.000935 486
0.000936 486
0.000937 486
0.000938 486
0.000939 486
0.00094 486
0.000941 486
0.000942 486
0.000943 486
0.000944 486
0.000945 486
0.000946 486
0.000947 486
0.000948 486
0.000949 486
0.00095 486
0.000951 486
0.000952 486
0.000953 486
0.000954 486
0.000955 486
0.000956 486
0.000957 486
0.000958 486
0.000959 486
0.00096 486
0.000961 486
0.000962 486
0.000963 486
0.000964 486
0.000965 486
0.000966 486
0.000967 486
0.000968 486
0.000969 486
0.00097 486
0.000971 486
0.000972 486
0.000973 486
0.000974 486
0.000975 486
0.000976 486
0.000977 486
0.000978 486
0.000979 486
0.00098 486
0.000981 486
0.000982 486
0.000983 486
0.000984 486
0.000985 486
0.000986 486
0.000987 486
0.000988 486
0.000989 486
0.00099 486
0.000991 486
0.000992 486
0.000993 486
0.000994 486
0.000995 486
0.000996 486
0.000997 486
0.000998 486
0.000999 486
0.001 486
