0 500
1e-06 500
2e-06 499
3e-06 499
4e-06 499
5e-06 499
6e-06 499
7e-06 498
8e-06 498
9e-06 498
1e-05 498
1.1e-05 498
1.2e-05 496
1.3e-05 495
1.4e-05 495
1.5e-05 495
1.6e-05 495
1.7e-05 495
1.8e-05 494
1.9e-05 494
2e-05 494
2.1e-05 494
2.2e-05 494
2.3e-05 493
2.4e-05 493
2.5e-05 493
2.6e-05 493
2.7e-05 493
2.8e-05 493
2.9e-05 493
3e-05 493
3.1e-05 493
3.2e-05 493
3.3e-05 493
3.4e-05 493
3.5e-05 493
3.6e-05 493
3.7e-05 493
3.8e-05 493
3.9e-05 493
4e-05 493
4.1e-05 493
4.2e-05 493
4.3e-05 493
4.4e-05 493
4.5e-05 493
4.6e-05 493
4.7e-05 493
4.8e-05 493
4.9e-05 493
5e-05 493
5.1e-05 493
5.2e-05 493
5.3e-05 493
5.4e-05 493
5.5e-05 493
5.6e-05 493
5.7e-05 493
5.8e-05 493
5.9e-05 493
6e-05 493
6.1e-05 493
6.2e-05 493
6.3e-05 493
6.4e-05 493
6.5e-05 493
6.6e-05 493
6.7e-05 493
6.8e-05 493
6.9e-05 493
7e-05 493
7.1e-05 493
7.2e-05 493
7.3e-05 493
7.4e-05 493
7.5e-05 493
7.6e-05 493
7.7e-05 493
7.8e-05 493
7.9e-05 493
8e-05 493
8.1e-05 493
8.2e-05 493
8.3e-05 493
8.4e-05 493
8.5e-05 493
8.6e-05 493
8.7e-05 493
8.8e-05 493
8.9e-05 493
9e-05 493
9.1e-05 493
9.2e-05 493
9.3e-05 493
9.4e-05 493
9.5e-05 493
9.6e-05 493
9.7e-05 493
9.8e-05 493
9.9e-05 493
0.0001 493
0.000101 493
0.000102 493
0.000103 493
0.000104 493
0.000105 493
0.000106 493
0.000107 493
0.000108 493
0.000109 493
0.00011 493
0.000111 493
0.000112 493
0.000113 493
0.000114 493
0.000115 493
0.000116 493
0.000117 493
0.000118 493
0.000119 493
0.00012 493
0.000121 493
0.000122 493
0.000123 493
0.000124 493
0.000125 493
0.000126 493
0.000127 493
0.000128 493
0.000129 493
0.00013 493
0.000131 493
0.000132 493
0.000133 493
0.000134 493
0.000135 493
0.000136 493
0.000137 493
0.000138 493
0.000139 493
0.00014 493
0.000141 493
0.000142 493
0.000143 493
0.000144 493
0.000145 493
0.000146 493
0.000147 493
0.000148 493
0.000149 493
0.00015 493
0.000151 493
0.000152 493
0.000153 493
0.000154 493
0.000155 493
0.000156 493
0.000157 493
0.000158 493
0.000159 493
0.00016 493
0.000161 493
0.000162 493
0.000163 493
0.000164 493
0.000165 493
0.000166 493
0.000167 493
0.000168 493
0.000169 493
0.00017 493
0.000171 493
0.000172 493
0.000173 493
0.000174 493
0.000175 493
0.000176 493
0.000177 493
0.000178 493
0.000179 493
0.00018 493
0.000181 493
0.000182 493
0.000183 493
0.000184 493
0.000185 493
0.000186 493
0.000187 493
0.000188 493
0.000189 493
0.00019 493
0.000191 493
0.000192 493
0.000193 493
0.000194 493
0.000195 493
0.000196 493
0.000197 493
0.000198 493
0.000199 493
0.0002 493
0.000201 493
0.000202 493
0.000203 493
0.000204 493
0.000205 493
0.000206 493
0.000207 493
0.000208 493
0.000209 493
0.00021 493
0.000211 493
0.000212 493
0.000213 493
0.000214 493
0.000215 493
0.000216 493
0.000217 493
0.000218 493
0.000219 493
0.00022 493
0.000221 493
0.000222 493
0.000223 493
0.000224 493
0.000225 493
0.000226 493
0.000227 493
0.000228 493
0.000229 493
0.00023 493
0.000231 493
0.000232 493
0.000233 493
0.000234 493
0.000235 493
0.000236 493
0.000237 493
0.000238 493
0.000239 493
0.00024 493
0.000241 493
0.000242 493
0.000243 493
0.000244 493
0.000245 493
0.000246 493
0.000247 493
0.000248 493
0.000249 493
0.00025 493
0.000251 493
0.000252 493
0.000253 493
0.000254 493
0.000255 493
0.000256 493
0.000257 493
0.000258 493
0.000259 493
0.00026 493
0.000261 493
0.000262 493
0.000263 493
0.000264 493
0.000265 493
0.000266 493
0.000267 493
0.000268 493
0.000269 493
0.00027 493
0.000271 493
0.000272 493
0.000273 493
0.000274 493
0.000275 493
0.000276 493
0.000277 493
0.000278 493
0.000279 493
0.00028 493
0.000281 493
0.000282 493
0.000283 493
0.000284 493
0.000285 493
0.000286 493
0.000287 493
0.000288 493
0.000289 493
0.00029 493
0.000291 493
0.000292 493
0.000293 493
0.000294 493
0.000295 493
0.000296 493
0.000297 493
0.000298 493
0.000299 493
0.0003 493
0.000301 493
0.000302 493
0.000303 493
0.000304 493
0.000305 493
0.000306 493
0.000307 493
0.000308 493
0.000309 493
0.00031 493
0.000311 493
0.000312 493
0.000313 493
0.000314 493
0.000315 493
0.000316 493
0.000317 493
0.000318 493
0.000319 493
0.00032 493
0.000321 493
0.000322 493
0.000323 493
0.000324 493
0.000325 493
0.000326 493
0.000327 493
0.000328 493
0.000329 493
0.00033 493
0.000331 493
0.000332 493
0.000333 493
0.000334 493
0.000335 493
0.000336 493
0.000337 493
0.000338 493
0.000339 493
0.00034 493
0.000341 493
0.000342 493
0.000343 493
0.000344 493
0.000345 493
0.000346 493
0.000347 493
0.000348 493
0.000349 493
0.00035 493
0.000351 493
0.000352 493
0.000353 493
0.000354 493
0.000355 493
0.000356 493
0.000357 493
0.000358 493
0.000359 493
0.00036 493
0.000361 493
0.000362 493
0.000363 493
0.000364 493
0.000365 493
0.000366 493
0.000367 493
0.000368 493
0.000369 493
0.00037 493
0.000371 493
0.000372 493
0.000373 493
0.000374 493
0.000375 493
0.000376 493
0.000377 493
0.000378 493
0.000379 493
0.00038 493
0.000381 493
0.000382 493
0.000383 493
0.000384 493
0.000385 493
0.000386 493
0.000387 493
0.000388 493
0.000389 493
0.00039 493
0.000391 493
0.000392 493
0.000393 493
0.000394 493
0.000395 493
0.000396 493
0.000397 493
0.000398 493
0.000399 493
0.0004 493
0.000401 493
0.000402 493
0.000403 493
0.000404 493
0.000405 493
0.000406 493
0.000407 493
0.000408 493
0.000409 493
0.00041 493
0.000411 493
0.000412 493
0.000413 493
0.000414 493
0.000415 493
0.000416 493
0.000417 493
0.000418 493
0.000419 493
0.00042 493
0.000421 493
0.000422 493
0.000423 493
0.000424 493
0.000425 493
0.000426 493
0.000427 493
0.000428 493
0.000429 493
0.00043 493
0.000431 493
0.000432 493
0.000433 493
0.000434 493
0.000435 493
0.000436 493
0.000437 493
0.000438 493
0.000439 493
0.00044 493
0.000441 493
0.000442 493
0.000443 493
0.000444 493
0.000445 493
0.000446 493
0.000447 493
0.000448 493
0.000449 493
0.00045 493
0.000451 493
0.000452 493
0.000453 493
0.000454 493
0.000455 493
0.000456 493
0.000457 493
0.000458 493
0.000459 493
0.00046 493
0.000461 493
0.000462 493
0.000463 493
0.000464 493
0.000465 493
0.000466 493
0.000467 493
0.000468 493
0.000469 493
0.00047 493
0.000471 493
0.000472 493
0.000473 493
0.000474 493
0.000475 493
0.000476 493
0.000477 493
0.000478 493
0.000479 493
0.00048 493
0.000481 493
0.000482 493
0.000483 493
0.000484 493
0.000485 493
0.000486 493
0.000487 493
0.000488 493
0.000489 493
0.00049 493
0.000491 493
0.000492 493
0.000493 493
0.000494 493
0.000495 493
0.000496 493
0.000497 493
0.000498 493
0.000499 493
0.0005 493
0.000501 493
0.000502 493
0.000503 493
0.000504 493
0.000505 493
0.000506 493
0.000507 493
0.000508 493
0.000509 493
0.00051 493
0.000511 493
0.000512 493
0.000513 493
0.000514 493
0.000515 493
0.000516 493
0.000517 493
0.000518 493
0.000519 493
0.00052 493
0.000521 493
0.000522 493
0.000523 493
0.000524 493
0.000525 493
0.000526 493
0.000527 493
0.000528 493
0.000529 493
0.00053 493
0.000531 493
0.000532 493
0.000533 493
0.000534 493
0.000535 493
0.000536 493
0.000537 493
0.000538 493
0.000539 493
0.00054 493
0.000541 493
0.000542 493
0.000543 493
0.000544 493
0.000545 493
0.000546 493
0.000547 493
0.000548 493
0.000549 493
0.00055 493
0.000551 493
0.000552 493
0.000553 493
0.000554 493
0.000555 493
0.000556 493
0.000557 493
0.000558 493
0.000559 493
0.00056 493
0.000561 493
0.000562 493
0.000563 493
0.000564 493
0.000565 493
0.000566 493
0.000567 493
0.000568 493
0.000569 493
0.00057 493
0.000571 493
0.000572 493
0.000573 493
0.000574 493
0.000575 493
0.000576 493
0.000577 493
0.000578 493
0.000579 493
0.00058 493
0.000581 493
0.000582 493
0.000583 493
0.000584 493
0.000585 493
0.000586 493
0.000587 493
0.000588 493
0.000589 493
0.00059 493
0.000591 493
0.000592 493
0.000593 493
0.000594 493
0.000595 493
0.000596 493
0.000597 493
0.000598 493
0.000599 493
0.0006 493
0.000601 493
0.000602 493
0.000603 493
0.000604 493
0.000605 493
0.000606 493
0.000607 493
0.000608 493
0.000609 493
0.00061 493
0.000611 493
0.000612 493
0.000613 493
0.000614 493
0.000615 493
0.000616 493
0.000617 493
0.000618 493
0.000619 493
0.00062 493
0.000621 493
0.000622 493
0.000623 493
0.000624 493
0.000625 493
0.000626 493
0.000627 493
0.000628 493
0.000629 493
0.00063 493
0.000631 493
0.000632 493
0.000633 493
0.000634 493
0.000635 493
0.000636 493
0.000637 493
0.000638 493
0.000639 493
0.00064 493
0.000641 493
0.000642 493
0.000643 493
0.000644 493
0.000645 493
0.000646 493
0.000647 493
0.000648 493
0.000649 493
0.00065 493
0.000651 493
0.000652 493
0.000653 493
0.000654 493
0.000655 493
0.000656 493
0.000657 493
0.000658 493
0.000659 493
0.00066 493
0.000661 493
0.000662 493
0.000663 493
0.000664 493
0.000665 493
0.000666 493
0.000667 493
0.000668 493
0.000669 493
0.00067 493
0.000671 493
0.000672 493
0.000673 493
0.000674 493
0.000675 493
0.000676 493
0.000677 493
0.000678 493
0.000679 493
0.00068 493
0.000681 493
0.000682 493
0.000683 493
0.000684 493
0.000685 493
0.000686 493
0.000687 493
0.000688 493
0.000689 493
0.00069 493
0.000691 493
0.000692 493
0.000693 493
0.000694 493
0.000695 493
0.000696 493
0.000697 493
0.000698 493
0.000699 493
0.0007 493
0.000701 493
0.000702 493
0.000703 493
0.000704 493
0.000705 493
0.000706 493
0.000707 493
0.000708 493
0.000709 493
0.00071 493
0.000711 493
0.000712 493
0.000713 493
0.000714 493
0.000715 493
0.000716 493
0.000717 493
0.000718 493
0.000719 493
0.00072 493
0.000721 493
0.000722 493
0.000723 493
0.000724 493
0.000725 493
0.000726 493
0.000727 493
0.000728 493
0.000729 493
0.00073 493
0.000731 493
0.000732 493
0.000733 493
0.000734 493
0.000735 493
0.000736 493
0.000737 493
0.000738 493
0.000739 493
0.00074 493
0.000741 493
0.000742 493
0.000743 493
0.000744 493
0.000745 493
0.000746 493
0.000747 493
0.000748 493
0.000749 493
0.00075 493
0.000751 493
0.000752 493
0.000753 493
0.000754 493
0.000755 493
0.000756 493
0.000757 493
0.000758 493
0.000759 493
0.00076 493
0.000761 493
0.000762 493
0.000763 493
0.000764 493
0.000765 493
0.000766 493
0.000767 493
0.000768 493
0.000769 493
0.00077 493
0.000771 493
0.000772 493
0.000773 493
0.000774 493
0.000775 493
0.000776 493
0.000777 493
0.000778 493
0.000779 493
0.00078 493
0.000781 493
0.000782 493
0.000783 493
0.000784 493
0.000785 493
0.000786 493
0.000787 493
0.000788 493
0.000789 493
0.00079 493
0.000791 493
0.000792 493
0.000793 493
0.000794 493
0.000795 493
0.000796 493
0.000797 493
0.000798 493
0.000799 493
0.0008 493
0.000801 493
0.000802 493
0.000803 493
0.000804 493
0.000805 493
0.000806 493
0.000807 493
0.000808 493
0.000809 493
0.00081 493
0.000811 493
0.000812 493
0.000813 493
0.000814 493
0.000815 493
0.000816 493
0.000817 493
0.000818 493
0.000819 493
0.00082 493
0.000821 493
0.000822 493
0.000823 493
0.000824 493
0.000825 493
0.000826 493
0.000827 493
0.000828 493
0.000829 493
0.00083 493
0.000831 493
0.000832 493
0.000833 493
0.000834 493
0.000835 493
0.000836 493
0.000837 493
0.000838 493
0.000839 493
0.00084 493
0.000841 493
0.000842 493
0.000843 493
0.000844 493
0.000845 493
0.000846 493
0.000847 493
0.000848 493
0.000849 493
0.00085 493
0.000851 493
0.000852 493
0.000853 493
0.000854 493
0.000855 493
0.000856 493
0.000857 493
0.000858 493
0.000859 493
0.00086 493
0.000861 493
0.000862 493
0.000863 493
0.000864 493
0.000865 493
0.000866 493
0.000867 493
0.000868 493
0.000869 493
0.00087 493
0.000871 493
0.000872 493
0.000873 493
0.000874 493
0.000875 493
0.000876 493
0.000877 493
0.000878 493
0.000879 493
0.00088 493
0.000881 493
0.000882 493
0.000883 493
0.000884 493
0.000885 493
0.000886 493
0.000887 493
0.000888 493
0.000889 493
0.00089 493
0.000891 493
0.000892 493
0.000893 493
0.000894 493
0.000895 493
0.000896 493
0.000897 493
0.000898 493
0.000899 493
0.0009 493
0.000901 493
0.000902 493
0.000903 493
0.000904 493
0.000905 493
0.000906 493
0.000907 493
0.000908 493
0.000909 493
0.00091 493
0.000911 493
0.000912 493
0.000913 493
0.000914 493
0.000915 493
0.000916 493
0.000917 493
0.000918 493
0.000919 493
0.00092 493
0.000921 493
0.000922 493
0.000923 493
0.000924 493
0.000925 493
0.000926 493
0.000927 493
0.000928 493
0.000929 493
0.00093 493
0.000931 493
0.000932 493
0.000933 493
0.000934 493
0.000935 493
0.000936 493
0.000937 493
0.000938 493
0.000939 493
0.00094 493
0.000941 493
0.000942 493
0.000943 493
0.000944 493
0.000945 493
0.000946 493
0.000947 493
0.000948 493
0.000949 493
0.00095 493
0.000951 493
0.000952 493
0.000953 493
0.000954 493
0.000955 493
0.000956 493
0.000957 493
0.000958 493
0.000959 493
0.00096 493
0.000961 493
0.000962 493
0.000963 493
0.000964 493
0.000965 493
0.000966 493
0.000967 493
0.000968 493
0.000969 493
0.00097 493
0.000971 493
0.000972 493
0.000973 493
0.000974 493
0.000975 493
0.000976 493
0.000977 493
0.000978 493
0.000979 493
0.00098 493
0.000981 493
0.000982 493
0.000983 493
0.000984 493
0.000985 493
0.000986 493
0.000987 493
0.000988 493
0.000989 493
0.00099 493
0.000991 493
0.000992 493
0.000993 493
0.000994 493
0.000995 493
0.000996 493
0.000997 493
0.000998 493
0.000999 493
0.001 493
