0 500
1e-06 497
2e-06 494
3e-06 493
4e-06 493
5e-06 493
6e-06 493
7e-06 491
8e-06 490
9e-06 490
1e-05 490
1.1e-05 489
1.2e-05 489
1.3e-05 489
1.4e-05 488
1.5e-05 487
1.6e-05 487
1.7e-05 486
1.8e-05 485
1.9e-05 484
2e-05 484
2.1e-05 484
2.2e-05 484
2.3e-05 484
2.4e-05 484
2.5e-05 484
2.6e-05 483
2.7e-05 483
2.8e-05 483
2.9e-05 483
3e-05 483
3.1e-05 483
3.2e-05 483
3.3e-05 483
3.4e-05 483
3.5e-05 483
3.6e-05 483
3.7e-05 483
3.8e-05 482
3.9e-05 482
4e-05 482
4.1e-05 482
4.2e-05 482
4.3e-05 482
4.4e-05 482
4.5e-05 482
4.6e-05 482
4.7e-05 482
4.8e-05 482
4.9e-05 482
5e-05 482
5.1e-05 482
5.2e-05 482
5.3e-05 482
5.4e-05 482
5.5e-05 482
5.6e-05 482
5.7e-05 482
5.8e-05 482
5.9e-05 482
6e-05 482
6.1e-05 482
6.2e-05 482
6.3e-05 482
6.4e-05 482
6.5e-05 482
6.6e-05 482
6.7e-05 482
6.8e-05 482
6.9e-05 482
7e-05 482
7.1e-05 482
7.2e-05 482
7.3e-05 482
7.4e-05 482
7.5e-05 482
7.6e-05 482
7.7e-05 482
7.8e-05 482
7.9e-05 482
8e-05 482
8.1e-05 482
8.2e-05 482
8.3e-05 482
8.4e-05 482
8.5e-05 482
8.6e-05 482
8.7e-05 482
8.8e-05 482
8.9e-05 482
9e-05 482
9.1e-05 482
9.2e-05 482
9.3e-05 482
9.4e-05 482
9.5e-05 482
9.6e-05 482
9.7e-05 482
9.8e-05 482
9.9e-05 482
0.0001 482
0.000101 482
0.000102 482
0.000103 482
0.000104 482
0.000105 482
0.000106 482
0.000107 482
0.000108 482
0.000109 482
0.00011 482
0.000111 482
0.000112 482
0.000113 482
0.000114 482
0.000115 482
0.000116 482
0.000117 482
0.000118 482
0.000119 482
0.00012 482
0.000121 482
0.000122 482
0.000123 482
0.000124 482
0.000125 482
0.000126 482
0.000127 482
0.000128 482
0.000129 482
0.00013 482
0.000131 482
0.000132 482
0.000133 482
0.000134 482
0.000135 482
0.000136 482
0.000137 482
0.000138 482
0.000139 482
0.00014 482
0.000141 482
0.000142 482
0.000143 482
0.000144 482
0.000145 482
0.000146 482
0.000147 482
0.000148 482
0.000149 482
0.00015 482
0.000151 482
0.000152 482
0.000153 482
0.000154 482
0.000155 482
0.000156 482
0.000157 482
0.000158 482
0.000159 482
0.00016 482
0.000161 482
0.000162 482
0.000163 482
0.000164 482
0.000165 482
0.000166 482
0.000167 482
0.000168 482
0.000169 482
0.00017 482
0.000171 482
0.000172 482
0.000173 482
0.000174 482
0.000175 482
0.000176 482
0.000177 482
0.000178 482
0.000179 482
0.00018 482
0.000181 482
0.000182 482
0.000183 482
0.000184 482
0.000185 482
0.000186 482
0.000187 482
0.000188 482
0.000189 482
0.00019 482
0.000191 482
0.000192 482
0.000193 482
0.000194 482
0.000195 482
0.000196 482
0.000197 482
0.000198 482
0.000199 482
0.0002 482
0.000201 482
0.000202 482
0.000203 482
0.000204 482
0.000205 482
0.000206 482
0.000207 482
0.000208 482
0.000209 482
0.00021 482
0.000211 482
0.000212 482
0.000213 482
0.000214 482
0.000215 482
0.000216 482
0.000217 482
0.000218 482
0.000219 482
0.00022 482
0.000221 482
0.000222 482
0.000223 482
0.000224 482
0.000225 482
0.000226 482
0.000227 482
0.000228 482
0.000229 482
0.00023 482
0.000231 482
0.000232 482
0.000233 482
0.000234 482
0.000235 482
0.000236 482
0.000237 482
0.000238 482
0.000239 482
0.00024 482
0.000241 482
0.000242 482
0.000243 482
0.000244 482
0.000245 482
0.000246 482
0.000247 482
0.000248 482
0.000249 482
0.00025 482
0.000251 482
0.000252 482
0.000253 482
0.000254 482
0.000255 482
0.000256 482
0.000257 482
0.000258 482
0.000259 482
0.00026 482
0.000261 482
0.000262 482
0.000263 482
0.000264 482
0.000265 482
0.000266 482
0.000267 482
0.000268 482
0.000269 482
0.00027 482
0.000271 482
0.000272 482
0.000273 482
0.000274 482
0.000275 482
0.000276 482
0.000277 482
0.000278 482
0.000279 482
0.00028 482
0.000281 482
0.000282 482
0.000283 482
0.000284 482
0.000285 482
0.000286 482
0.000287 482
0.000288 482
0.000289 482
0.00029 482
0.000291 482
0.000292 482
0.000293 482
0.000294 482
0.000295 482
0.000296 482
0.000297 482
0.000298 482
0.000299 482
0.0003 482
0.000301 482
0.000302 482
0.000303 482
0.000304 482
0.000305 482
0.000306 482
0.000307 482
0.000308 482
0.000309 482
0.00031 482
0.000311 482
0.000312 482
0.000313 482
0.000314 482
0.000315 482
0.000316 482
0.000317 482
0.000318 482
0.000319 482
0.00032 482
0.000321 482
0.000322 482
0.000323 482
0.000324 482
0.000325 482
0.000326 482
0.000327 482
0.000328 482
0.000329 482
0.00033 482
0.000331 482
0.000332 482
0.000333 482
0.000334 482
0.000335 482
0.000336 482
0.000337 482
0.000338 482
0.000339 482
0.00034 482
0.000341 482
0.000342 482
0.000343 482
0.000344 482
0.000345 482
0.000346 482
0.000347 482
0.000348 482
0.000349 482
0.00035 482
0.000351 482
0.000352 482
0.000353 482
0.000354 482
0.000355 482
0.000356 482
0.000357 482
0.000358 482
0.000359 482
0.00036 482
0.000361 482
0.000362 482
0.000363 482
0.000364 482
0.000365 482
0.000366 482
0.000367 482
0.000368 482
0.000369 482
0.00037 482
0.000371 482
0.000372 482
0.000373 482
0.000374 482
0.000375 482
0.000376 482
0.000377 482
0.000378 482
0.000379 482
0.00038 482
0.000381 482
0.000382 482
0.000383 482
0.000384 482
0.000385 482
0.000386 482
0.000387 482
0.000388 482
0.000389 482
0.00039 482
0.000391 482
0.000392 482
0.000393 482
0.000394 482
0.000395 482
0.000396 482
0.000397 482
0.000398 482
0.000399 482
0.0004 482
0.000401 482
0.000402 482
0.000403 482
0.000404 482
0.000405 482
0.000406 482
0.000407 482
0.000408 482
0.000409 482
0.00041 482
0.000411 482
0.000412 482
0.000413 482
0.000414 482
0.000415 482
0.000416 482
0.000417 482
0.000418 482
0.000419 482
0.00042 482
0.000421 482
0.000422 482
0.000423 482
0.000424 482
0.000425 482
0.000426 482
0.000427 482
0.000428 482
0.000429 482
0.00043 482
0.000431 482
0.000432 482
0.000433 482
0.000434 482
0.000435 482
0.000436 482
0.000437 482
0.000438 482
0.000439 482
0.00044 482
0.000441 482
0.000442 482
0.000443 482
0.000444 482
0.000445 482
0.000446 482
0.000447 482
0.000448 482
0.000449 482
0.00045 482
0.000451 482
0.000452 482
0.000453 482
0.000454 482
0.000455 482
0.000456 482
0.000457 482
0.000458 482
0.000459 482
0.00046 482
0.000461 482
0.000462 482
0.000463 482
0.000464 482
0.000465 482
0.000466 482
0.000467 482
0.000468 482
0.000469 482
0.00047 482
0.000471 482
0.000472 482
0.000473 482
0.000474 482
0.000475 482
0.000476 482
0.000477 482
0.000478 482
0.000479 482
0.00048 482
0.000481 482
0.000482 482
0.000483 482
0.000484 482
0.000485 482
0.000486 482
0.000487 482
0.000488 482
0.000489 482
0.00049 482
0.000491 482
0.000492 482
0.000493 482
0.000494 482
0.000495 482
0.000496 482
0.000497 482
0.000498 482
0.000499 482
0.0005 482
0.000501 482
0.000502 482
0.000503 482
0.000504 482
0.000505 482
0.000506 482
0.000507 482
0.000508 482
0.000509 482
0.00051 482
0.000511 482
0.000512 482
0.000513 482
0.000514 482
0.000515 482
0.000516 482
0.000517 482
0.000518 482
0.000519 482
0.00052 482
0.000521 482
0.000522 482
0.000523 482
0.000524 482
0.000525 482
0.000526 482
0.000527 482
0.000528 482
0.000529 482
0.00053 482
0.000531 482
0.000532 482
0.000533 482
0.000534 482
0.000535 482
0.000536 482
0.000537 482
0.000538 482
0.000539 482
0.00054 482
0.000541 482
0.000542 482
0.000543 482
0.000544 482
0.000545 482
0.000546 482
0.000547 482
0.000548 482
0.000549 482
0.00055 482
0.000551 482
0.000552 482
0.000553 482
0.000554 482
0.000555 482
0.000556 482
0.000557 482
0.000558 482
0.000559 482
0.00056 482
0.000561 482
0.000562 482
0.000563 482
0.000564 482
0.000565 482
0.000566 482
0.000567 482
0.000568 482
0.000569 482
0.00057 482
0.000571 482
0.000572 482
0.000573 482
0.000574 482
0.000575 482
0.000576 482
0.000577 482
0.000578 482
0.000579 482
0.00058 482
0.000581 482
0.000582 482
0.000583 482
0.000584 482
0.000585 482
0.000586 482
0.000587 482
0.000588 482
0.000589 482
0.00059 482
0.000591 482
0.000592 482
0.000593 482
0.000594 482
0.000595 482
0.000596 482
0.000597 482
0.000598 482
0.000599 482
0.0006 482
0.000601 482
0.000602 482
0.000603 482
0.000604 482
0.000605 482
0.000606 482
0.000607 482
0.000608 482
0.000609 482
0.00061 482
0.000611 482
0.000612 482
0.000613 482
0.000614 482
0.000615 482
0.000616 482
0.000617 482
0.000618 482
0.000619 482
0.00062 482
0.000621 482
0.000622 482
0.000623 482
0.000624 482
0.000625 482
0.000626 482
0.000627 482
0.000628 482
0.000629 482
0.00063 482
0.000631 482
0.000632 482
0.000633 482
0.000634 482
0.000635 482
0.000636 482
0.000637 482
0.000638 482
0.000639 482
0.00064 482
0.000641 482
0.000642 482
0.000643 482
0.000644 482
0.000645 482
0.000646 482
0.000647 482
0.000648 482
0.000649 482
0.00065 482
0.000651 482
0.000652 482
0.000653 482
0.000654 482
0.000655 482
0.000656 482
0.000657 482
0.000658 482
0.000659 482
0.00066 482
0.000661 482
0.000662 482
0.000663 482
0.000664 482
0.000665 482
0.000666 482
0.000667 482
0.000668 482
0.000669 482
0.00067 482
0.000671 482
0.000672 482
0.000673 482
0.000674 482
0.000675 482
0.000676 482
0.000677 482
0.000678 482
0.000679 482
0.00068 482
0.000681 482
0.000682 482
0.000683 482
0.000684 482
0.000685 482
0.000686 482
0.000687 482
0.000688 482
0.000689 482
0.00069 482
0.000691 482
0.000692 482
0.000693 482
0.000694 482
0.000695 482
0.000696 482
0.000697 482
0.000698 482
0.000699 482
0.0007 482
0.000701 482
0.000702 482
0.000703 482
0.000704 482
0.000705 482
0.000706 482
0.000707 482
0.000708 482
0.000709 482
0.00071 482
0.000711 482
0.000712 482
0.000713 482
0.000714 482
0.000715 482
0.000716 482
0.000717 482
0.000718 482
0.000719 482
0.00072 482
0.000721 482
0.000722 482
0.000723 482
0.000724 482
0.000725 482
0.000726 482
0.000727 482
0.000728 482
0.000729 482
0.00073 482
0.000731 482
0.000732 482
0.000733 482
0.000734 482
0.000735 482
0.000736 482
0.000737 482
0.000738 482
0.000739 482
0.00074 482
0.000741 482
0.000742 482
0.000743 482
0.000744 482
0.000745 482
0.000746 482
0.000747 482
0.000748 482
0.000749 482
0.00075 482
0.000751 482
0.000752 482
0.000753 482
0.000754 482
0.000755 482
0.000756 482
0.000757 482
0.000758 482
0.000759 482
0.00076 482
0.000761 482
0.000762 482
0.000763 482
0.000764 482
0.000765 482
0.000766 482
0.000767 482
0.000768 482
0.000769 482
0.00077 482
0.000771 482
0.000772 482
0.000773 482
0.000774 482
0.000775 482
0.000776 482
0.000777 482
0.000778 482
0.000779 482
0.00078 482
0.000781 482
0.000782 482
0.000783 482
0.000784 482
0.000785 482
0.000786 482
0.000787 482
0.000788 482
0.000789 482
0.00079 482
0.000791 482
0.000792 482
0.000793 482
0.000794 482
0.000795 482
0.000796 482
0.000797 482
0.000798 482
0.000799 482
0.0008 482
0.000801 482
0.000802 482
0.000803 482
0.000804 482
0.000805 482
0.000806 482
0.000807 482
0.000808 482
0.000809 482
0.00081 482
0.000811 482
0.000812 482
0.000813 482
0.000814 482
0.000815 482
0.000816 482
0.000817 482
0.000818 482
0.000819 482
0.00082 482
0.000821 482
0.000822 482
0.000823 482
0.000824 482
0.000825 482
0.000826 482
0.000827 482
0.000828 482
0.000829 482
0.00083 482
0.000831 482
0.000832 482
0.000833 482
0.000834 482
0.000835 482
0.000836 482
0.000837 482
0.000838 482
0.000839 482
0.00084 482
0.000841 482
0.000842 482
0.000843 482
0.000844 482
0.000845 482
0.000846 482
0.000847 482
0.000848 482
0.000849 482
0.00085 482
0.000851 482
0.000852 482
0.000853 482
0.000854 482
0.000855 482
0.000856 482
0.000857 482
0.000858 482
0.000859 482
0.00086 482
0.000861 482
0.000862 482
0.000863 482
0.000864 482
0.000865 482
0.000866 482
0.000867 482
0.000868 482
0.000869 482
0.00087 482
0.000871 482
0.000872 482
0.000873 482
0.000874 482
0.000875 482
0.000876 482
0.000877 482
0.000878 482
0.000879 482
0.00088 482
0.000881 482
0.000882 482
0.000883 482
0.000884 482
0.000885 482
0.000886 482
0.000887 482
0.000888 482
0.000889 482
0.00089 482
0.000891 482
0.000892 482
0.000893 482
0.000894 482
0.000895 482
0.000896 482
0.000897 482
0.000898 482
0.000899 482
0.0009 482
0.000901 482
0.000902 482
0.000903 482
0.000904 482
0.000905 482
0.000906 482
0.000907 482
0.000908 482
0.000909 482
0.00091 482
0.000911 482
0.000912 482
0.000913 482
0.000914 482
0.000915 482
0.000916 482
0.000917 482
0.000918 482
0.000919 482
0.00092 482
0.000921 482
0.000922 482
0.000923 482
0.000924 482
0.000925 482
0.000926 482
0.000927 482
0.000928 482
0.000929 482
0.00093 482
0.000931 482
0.000932 482
0.000933 482
0.000934 482
0.000935 482
0.000936 482
0.000937 482
0.000938 482
0.000939 482
0.00094 482
0.000941 482
0.000942 482
0.000943 482
0.000944 482
0.000945 482
0.000946 482
0.000947 482
0.000948 482
0.000949 482
0.00095 482
0.000951 482
0.000952 482
0.000953 482
0.000954 482
0.000955 482
0.000956 482
0.000957 482
0.000958 482
0.000959 482
0.00096 482
0.000961 482
0.000962 482
0.000963 482
0.000964 482
0.000965 482
0.000966 482
0.000967 482
0.000968 482
0.000969 482
0.00097 482
0.000971 482
0.000972 482
0.000973 482
0.000974 482
0.000975 482
0.000976 482
0.000977 482
0.000978 482
0.000979 482
0.00098 482
0.000981 482
0.000982 482
0.000983 482
0.000984 482
0.000985 482
0.000986 482
0.000987 482
0.000988 482
0.000989 482
0.00099 482
0.000991 482
0.000992 482
0.000993 482
0.000994 482
0.000995 482
0.000996 482
0.000997 482
0.000998 482
0.000999 482
0.001 482
