0 35
1e-06 32
2e-06 31
3e-06 30
4e-06 30
5e-06 30
6e-06 30
7e-06 28
8e-06 28
9e-06 28
1e-05 28
1.1e-05 27
1.2e-05 27
1.3e-05 27
1.4e-05 26
1.5e-05 25
1.6e-05 25
1.7e-05 24
1.8e-05 23
1.9e-05 22
2e-05 22
2.1e-05 22
2.2e-05 22
2.3e-05 22
2.4e-05 22
2.5e-05 22
2.6e-05 22
2.7e-05 22
2.8e-05 22
2.9e-05 22
3e-05 22
3.1e-05 22
3.2e-05 22
3.3e-05 22
3.4e-05 22
3.5e-05 22
3.6e-05 22
3.7e-05 22
3.8e-05 21
3.9e-05 21
4e-05 21
4.1e-05 21
4.2e-05 21
4.3e-05 21
4.4e-05 21
4.5e-05 21
4.6e-05 21
4.7e-05 21
4.8e-05 21
4.9e-05 21
5e-05 21
5.1e-05 21
5.2e-05 21
5.3e-05 21
5.4e-05 21
5.5e-05 21
5.6e-05 21
5.7e-05 21
5.8e-05 21
5.9e-05 21
6e-05 21
6.1e-05 21
6.2e-05 21
6.3e-05 21
6.4e-05 21
6.5e-05 21
6.6e-05 21
6.7e-05 21
6.8e-05 21
6.9e-05 21
7e-05 21
7.1e-05 21
7.2e-05 21
7.3e-05 21
7.4e-05 21
7.5e-05 21
7.6e-05 21
7.7e-05 21
7.8e-05 21
7.9e-05 21
8e-05 21
8.1e-05 21
8.2e-05 21
8.3e-05 21
8.4e-05 21
8.5e-05 21
8.6e-05 21
8.7e-05 21
8.8e-05 21
8.9e-05 21
9e-05 21
9.1e-05 21
9.2e-05 21
9.3e-05 21
9.4e-05 21
9.5e-05 21
9.6e-05 21
9.7e-05 21
9.8e-05 21
9.9e-05 21
0.0001 21
0.000101 21
0.000102 21
0.000103 21
0.000104 21
0.000105 21
0.000106 21
0.000107 21
0.000108 21
0.000109 21
0.00011 21
0.000111 21
0.000112 21
0.000113 21
0.000114 21
0.000115 21
0.000116 21
0.000117 21
0.000118 21
0.000119 21
0.00012 21
0.000121 21
0.000122 21
0.000123 21
0.000124 21
0.000125 21
0.000126 21
0.000127 21
0.000128 21
0.000129 21
0.00013 21
0.000131 21
0.000132 21
0.000133 21
0.000134 21
0.000135 21
0.000136 21
0.000137 21
0.000138 21
0.000139 21
0.00014 21
0.000141 21
0.000142 21
0.000143 21
0.000144 21
0.000145 21
0.000146 21
0.000147 21
0.000148 21
0.000149 21
0.00015 21
0.000151 21
0.000152 21
0.000153 21
0.000154 21
0.000155 21
0.000156 21
0.000157 21
0.000158 21
0.000159 21
0.00016 21
0.000161 21
0.000162 21
0.000163 21
0.000164 21
0.000165 21
0.000166 21
0.000167 21
0.000168 21
0.000169 21
0.00017 21
0.000171 21
0.000172 21
0.000173 21
0.000174 21
0.000175 21
0.000176 21
0.000177 21
0.000178 21
0.000179 21
0.00018 21
0.000181 21
0.000182 21
0.000183 21
0.000184 21
0.000185 21
0.000186 21
0.000187 21
0.000188 21
0.000189 21
0.00019 21
0.000191 21
0.000192 21
0.000193 21
0.000194 21
0.000195 21
0.000196 21
0.000197 21
0.000198 21
0.000199 21
0.0002 21
0.000201 21
0.000202 21
0.000203 21
0.000204 21
0.000205 21
0.000206 21
0.000207 21
0.000208 21
0.000209 21
0.00021 21
0.000211 21
0.000212 21
0.000213 21
0.000214 21
0.000215 21
0.000216 21
0.000217 21
0.000218 21
0.000219 21
0.00022 21
0.000221 21
0.000222 21
0.000223 21
0.000224 21
0.000225 21
0.000226 21
0.000227 21
0.000228 21
0.000229 21
0.00023 21
0.000231 21
0.000232 21
0.000233 21
0.000234 21
0.000235 21
0.000236 21
0.000237 21
0.000238 21
0.000239 21
0.00024 21
0.000241 21
0.000242 21
0.000243 21
0.000244 21
0.000245 21
0.000246 21
0.000247 21
0.000248 21
0.000249 21
0.00025 21
0.000251 21
0.000252 21
0.000253 21
0.000254 21
0.000255 21
0.000256 21
0.000257 21
0.000258 21
0.000259 21
0.00026 21
0.000261 21
0.000262 21
0.000263 21
0.000264 21
0.000265 21
0.000266 21
0.000267 21
0.000268 21
0.000269 21
0.00027 21
0.000271 21
0.000272 21
0.000273 21
0.000274 21
0.000275 21
0.000276 21
0.000277 21
0.000278 21
0.000279 21
0.00028 21
0.000281 21
0.000282 21
0.000283 21
0.000284 21
0.000285 21
0.000286 21
0.000287 21
0.000288 21
0.000289 21
0.00029 21
0.000291 21
0.000292 21
0.000293 21
0.000294 21
0.000295 21
0.000296 21
0.000297 21
0.000298 21
0.000299 21
0.0003 21
0.000301 21
0.000302 21
0.000303 21
0.000304 21
0.000305 21
0.000306 21
0.000307 21
0.000308 21
0.000309 21
0.00031 21
0.000311 21
0.000312 21
0.000313 21
0.000314 21
0.000315 21
0.000316 21
0.000317 21
0.000318 21
0.000319 21
0.00032 21
0.000321 21
0.000322 21
0.000323 21
0.000324 21
0.000325 21
0.000326 21
0.000327 21
0.000328 21
0.000329 21
0.00033 21
0.000331 21
0.000332 21
0.000333 21
0.000334 21
0.000335 21
0.000336 21
0.000337 21
0.000338 21
0.000339 21
0.00034 21
0.000341 21
0.000342 21
0.000343 21
0.000344 21
0.000345 21
0.000346 21
0.000347 21
0.000348 21
0.000349 21
0.00035 21
0.000351 21
0.000352 21
0.000353 21
0.000354 21
0.000355 21
0.000356 21
0.000357 21
0.000358 21
0.000359 21
0.00036 21
0.000361 21
0.000362 21
0.000363 21
0.000364 21
0.000365 21
0.000366 21
0.000367 21
0.000368 21
0.000369 21
0.00037 21
0.000371 21
0.000372 21
0.000373 21
0.000374 21
0.000375 21
0.000376 21
0.000377 21
0.000378 21
0.000379 21
0.00038 21
0.000381 21
0.000382 21
0.000383 21
0.000384 21
0.000385 21
0.000386 21
0.000387 21
0.000388 21
0.000389 21
0.00039 21
0.000391 21
0.000392 21
0.000393 21
0.000394 21
0.000395 21
0.000396 21
0.000397 21
0.000398 21
0.000399 21
0.0004 21
0.000401 21
0.000402 21
0.000403 21
0.000404 21
0.000405 21
0.000406 21
0.000407 21
0.000408 21
0.000409 21
0.00041 21
0.000411 21
0.000412 21
0.000413 21
0.000414 21
0.000415 21
0.000416 21
0.000417 21
0.000418 21
0.000419 21
0.00042 21
0.000421 21
0.000422 21
0.000423 21
0.000424 21
0.000425 21
0.000426 21
0.000427 21
0.000428 21
0.000429 21
0.00043 21
0.000431 21
0.000432 21
0.000433 21
0.000434 21
0.000435 21
0.000436 21
0.000437 21
0.000438 21
0.000439 21
0.00044 21
0.000441 21
0.000442 21
0.000443 21
0.000444 21
0.000445 21
0.000446 21
0.000447 21
0.000448 21
0.000449 21
0.00045 21
0.000451 21
0.000452 21
0.000453 21
0.000454 21
0.000455 21
0.000456 21
0.000457 21
0.000458 21
0.000459 21
0.00046 21
0.000461 21
0.000462 21
0.000463 21
0.000464 21
0.000465 21
0.000466 21
0.000467 21
0.000468 21
0.000469 21
0.00047 21
0.000471 21
0.000472 21
0.000473 21
0.000474 21
0.000475 21
0.000476 21
0.000477 21
0.000478 21
0.000479 21
0.00048 21
0.000481 21
0.000482 21
0.000483 21
0.000484 21
0.000485 21
0.000486 21
0.000487 21
0.000488 21
0.000489 21
0.00049 21
0.000491 21
0.000492 21
0.000493 21
0.000494 21
0.000495 21
0.000496 21
0.000497 21
0.000498 21
0.000499 21
0.0005 21
0.000501 21
0.000502 21
0.000503 21
0.000504 21
0.000505 21
0.000506 21
0.000507 21
0.000508 21
0.000509 21
0.00051 21
0.000511 21
0.000512 21
0.000513 21
0.000514 21
0.000515 21
0.000516 21
0.000517 21
0.000518 21
0.000519 21
0.00052 21
0.000521 21
0.000522 21
0.000523 21
0.000524 21
0.000525 21
0.000526 21
0.000527 21
0.000528 21
0.000529 21
0.00053 21
0.000531 21
0.000532 21
0.000533 21
0.000534 21
0.000535 21
0.000536 21
0.000537 21
0.000538 21
0.000539 21
0.00054 21
0.000541 21
0.000542 21
0.000543 21
0.000544 21
0.000545 21
0.000546 21
0.000547 21
0.000548 21
0.000549 21
0.00055 21
0.000551 21
0.000552 21
0.000553 21
0.000554 21
0.000555 21
0.000556 21
0.000557 21
0.000558 21
0.000559 21
0.00056 21
0.000561 21
0.000562 21
0.000563 21
0.000564 21
0.000565 21
0.000566 21
0.000567 21
0.000568 21
0.000569 21
0.00057 21
0.000571 21
0.000572 21
0.000573 21
0.000574 21
0.000575 21
0.000576 21
0.000577 21
0.000578 21
0.000579 21
0.00058 21
0.000581 21
0.000582 21
0.000583 21
0.000584 21
0.000585 21
0.000586 21
0.000587 21
0.000588 21
0.000589 21
0.00059 21
0.000591 21
0.000592 21
0.000593 21
0.000594 21
0.000595 21
0.000596 21
0.000597 21
0.000598 21
0.000599 21
0.0006 21
0.000601 21
0.000602 21
0.000603 21
0.000604 21
0.000605 21
0.000606 21
0.000607 21
0.000608 21
0.000609 21
0.00061 21
0.000611 21
0.000612 21
0.000613 21
0.000614 21
0.000615 21
0.000616 21
0.000617 21
0.000618 21
0.000619 21
0.00062 21
0.000621 21
0.000622 21
0.000623 21
0.000624 21
0.000625 21
0.000626 21
0.000627 21
0.000628 21
0.000629 21
0.00063 21
0.000631 21
0.000632 21
0.000633 21
0.000634 21
0.000635 21
0.000636 21
0.000637 21
0.000638 21
0.000639 21
0.00064 21
0.000641 21
0.000642 21
0.000643 21
0.000644 21
0.000645 21
0.000646 21
0.000647 21
0.000648 21
0.000649 21
0.00065 21
0.000651 21
0.000652 21
0.000653 21
0.000654 21
0.000655 21
0.000656 21
0.000657 21
0.000658 21
0.000659 21
0.00066 21
0.000661 21
0.000662 21
0.000663 21
0.000664 21
0.000665 21
0.000666 21
0.000667 21
0.000668 21
0.000669 21
0.00067 21
0.000671 21
0.000672 21
0.000673 21
0.000674 21
0.000675 21
0.000676 21
0.000677 21
0.000678 21
0.000679 21
0.00068 21
0.000681 21
0.000682 21
0.000683 21
0.000684 21
0.000685 21
0.000686 21
0.000687 21
0.000688 21
0.000689 21
0.00069 21
0.000691 21
0.000692 21
0.000693 21
0.000694 21
0.000695 21
0.000696 21
0.000697 21
0.000698 21
0.000699 21
0.0007 21
0.000701 21
0.000702 21
0.000703 21
0.000704 21
0.000705 21
0.000706 21
0.000707 21
0.000708 21
0.000709 21
0.00071 21
0.000711 21
0.000712 21
0.000713 21
0.000714 21
0.000715 21
0.000716 21
0.000717 21
0.000718 21
0.000719 21
0.00072 21
0.000721 21
0.000722 21
0.000723 21
0.000724 21
0.000725 21
0.000726 21
0.000727 21
0.000728 21
0.000729 21
0.00073 21
0.000731 21
0.000732 21
0.000733 21
0.000734 21
0.000735 21
0.000736 21
0.000737 21
0.000738 21
0.000739 21
0.00074 21
0.000741 21
0.000742 21
0.000743 21
0.000744 21
0.000745 21
0.000746 21
0.000747 21
0.000748 21
0.000749 21
0.00075 21
0.000751 21
0.000752 21
0.000753 21
0.000754 21
0.000755 21
0.000756 21
0.000757 21
0.000758 21
0.000759 21
0.00076 21
0.000761 21
0.000762 21
0.000763 21
0.000764 21
0.000765 21
0.000766 21
0.000767 21
0.000768 21
0.000769 21
0.00077 21
0.000771 21
0.000772 21
0.000773 21
0.000774 21
0.000775 21
0.000776 21
0.000777 21
0.000778 21
0.000779 21
0.00078 21
0.000781 21
0.000782 21
0.000783 21
0.000784 21
0.000785 21
0.000786 21
0.000787 21
0.000788 21
0.000789 21
0.00079 21
0.000791 21
0.000792 21
0.000793 21
0.000794 21
0.000795 21
0.000796 21
0.000797 21
0.000798 21
0.000799 21
0.0008 21
0.000801 21
0.000802 21
0.000803 21
0.000804 21
0.000805 21
0.000806 21
0.000807 21
0.000808 21
0.000809 21
0.00081 21
0.000811 21
0.000812 21
0.000813 21
0.000814 21
0.000815 21
0.000816 21
0.000817 21
0.000818 21
0.000819 21
0.00082 21
0.000821 21
0.000822 21
0.000823 21
0.000824 21
0.000825 21
0.000826 21
0.000827 21
0.000828 21
0.000829 21
0.00083 21
0.000831 21
0.000832 21
0.000833 21
0.000834 21
0.000835 21
0.000836 21
0.000837 21
0.000838 21
0.000839 21
0.00084 21
0.000841 21
0.000842 21
0.000843 21
0.000844 21
0.000845 21
0.000846 21
0.000847 21
0.000848 21
0.000849 21
0.00085 21
0.000851 21
0.000852 21
0.000853 21
0.000854 21
0.000855 21
0.000856 21
0.000857 21
0.000858 21
0.000859 21
0.00086 21
0.000861 21
0.000862 21
0.000863 21
0.000864 21
0.000865 21
0.000866 21
0.000867 21
0.000868 21
0.000869 21
0.00087 21
0.000871 21
0.000872 21
0.000873 21
0.000874 21
0.000875 21
0.000876 21
0.000877 21
0.000878 21
0.000879 21
0.00088 21
0.000881 21
0.000882 21
0.000883 21
0.000884 21
0.000885 21
0.000886 21
0.000887 21
0.000888 21
0.000889 21
0.00089 21
0.000891 21
0.000892 21
0.000893 21
0.000894 21
0.000895 21
0.000896 21
0.000897 21
0.000898 21
0.000899 21
0.0009 21
0.000901 21
0.000902 21
0.000903 21
0.000904 21
0.000905 21
0.000906 21
0.000907 21
0.000908 21
0.000909 21
0.00091 21
0.000911 21
0.000912 21
0.000913 21
0.000914 21
0.000915 21
0.000916 21
0.000917 21
0.000918 21
0.000919 21
0.00092 21
0.000921 21
0.000922 21
0.000923 21
0.000924 21
0.000925 21
0.000926 21
0.000927 21
0.000928 21
0.000929 21
0.00093 21
0.000931 21
0.000932 21
0.000933 21
0.000934 21
0.000935 21
0.000936 21
0.000937 21
0.000938 21
0.000939 21
0.00094 21
0.000941 21
0.000942 21
0.000943 21
0.000944 21
0.000945 21
0.000946 21
0.000947 21
0.000948 21
0.000949 21
0.00095 21
0.000951 21
0.000952 21
0.000953 21
0.000954 21
0.000955 21
0.000956 21
0.000957 21
0.000958 21
0.000959 21
0.00096 21
0.000961 21
0.000962 21
0.000963 21
0.000964 21
0.000965 21
0.000966 21
0.000967 21
0.000968 21
0.000969 21
0.00097 21
0.000971 21
0.000972 21
0.000973 21
0.000974 21
0.000975 21
0.000976 21
0.000977 21
0.000978 21
0.000979 21
0.00098 21
0.000981 21
0.000982 21
0.000983 21
0.000984 21
0.000985 21
0.000986 21
0.000987 21
0.000988 21
0.000989 21
0.00099 21
0.000991 21
0.000992 21
0.000993 21
0.000994 21
0.000995 21
0.000996 21
0.000997 21
0.000998 21
0.000999 21
0.001 21
