0 35
1e-06 35
2e-06 35
3e-06 35
4e-06 34
5e-06 34
6e-06 34
7e-06 34
8e-06 34
9e-06 34
1e-05 33
1.1e-05 32
1.2e-05 32
1.3e-05 32
1.4e-05 32
1.5e-05 32
1.6e-05 32
1.7e-05 32
1.8e-05 32
1.9e-05 31
2e-05 31
2.1e-05 31
2.2e-05 31
2.3e-05 31
2.4e-05 31
2.5e-05 31
2.6e-05 31
2.7e-05 31
2.8e-05 31
2.9e-05 31
3e-05 31
3.1e-05 31
3.2e-05 31
3.3e-05 31
3.4e-05 31
3.5e-05 31
3.6e-05 31
3.7e-05 31
3.8e-05 31
3.9e-05 31
4e-05 31
4.1e-05 31
4.2e-05 31
4.3e-05 31
4.4e-05 31
4.5e-05 31
4.6e-05 31
4.7e-05 31
4.8e-05 31
4.9e-05 31
5e-05 31
5.1e-05 31
5.2e-05 31
5.3e-05 31
5.4e-05 31
5.5e-05 31
5.6e-05 31
5.7e-05 31
5.8e-05 31
5.9e-05 31
6e-05 31
6.1e-05 31
6.2e-05 31
6.3e-05 30
6.4e-05 30
6.5e-05 30
6.6e-05 30
6.7e-05 30
6.8e-05 30
6.9e-05 30
7e-05 30
7.1e-05 30
7.2e-05 30
7.3e-05 30
7.4e-05 30
7.5e-05 30
7.6e-05 30
7.7e-05 30
7.8e-05 30
7.9e-05 30
8e-05 30
8.1e-05 30
8.2e-05 30
8.3e-05 30
8.4e-05 29
8.5e-05 29
8.6e-05 29
8.7e-05 29
8.8e-05 29
8.9e-05 29
9e-05 29
9.1e-05 29
9.2e-05 29
9.3e-05 29
9.4e-05 29
9.5e-05 29
9.6e-05 29
9.7e-05 29
9.8e-05 29
9.9e-05 29
0.0001 29
0.000101 29
0.000102 29
0.000103 29
0.000104 29
0.000105 29
0.000106 29
0.000107 29
0.000108 29
0.000109 29
0.00011 29
0.000111 29
0.000112 29
0.000113 29
0.000114 29
0.000115 29
0.000116 29
0.000117 29
0.000118 29
0.000119 29
0.00012 29
0.000121 29
0.000122 29
0.000123 29
0.000124 29
0.000125 29
0.000126 29
0.000127 29
0.000128 29
0.000129 29
0.00013 29
0.000131 29
0.000132 29
0.000133 29
0.000134 29
0.000135 29
0.000136 29
0.000137 29
0.000138 29
0.000139 29
0.00014 29
0.000141 29
0.000142 29
0.000143 29
0.000144 29
0.000145 29
0.000146 29
0.000147 29
0.000148 29
0.000149 29
0.00015 29
0.000151 29
0.000152 29
0.000153 29
0.000154 29
0.000155 29
0.000156 29
0.000157 29
0.000158 29
0.000159 29
0.00016 29
0.000161 29
0.000162 29
0.000163 29
0.000164 29
0.000165 29
0.000166 29
0.000167 29
0.000168 29
0.000169 29
0.00017 29
0.000171 29
0.000172 29
0.000173 29
0.000174 29
0.000175 29
0.000176 29
0.000177 29
0.000178 29
0.000179 29
0.00018 29
0.000181 29
0.000182 29
0.000183 29
0.000184 29
0.000185 29
0.000186 29
0.000187 29
0.000188 29
0.000189 29
0.00019 29
0.000191 29
0.000192 29
0.000193 29
0.000194 29
0.000195 29
0.000196 29
0.000197 29
0.000198 29
0.000199 29
0.0002 29
0.000201 29
0.000202 29
0.000203 29
0.000204 29
0.000205 29
0.000206 29
0.000207 29
0.000208 29
0.000209 29
0.00021 29
0.000211 29
0.000212 29
0.000213 29
0.000214 29
0.000215 29
0.000216 29
0.000217 29
0.000218 29
0.000219 29
0.00022 29
0.000221 29
0.000222 29
0.000223 29
0.000224 29
0.000225 29
0.000226 29
0.000227 29
0.000228 29
0.000229 29
0.00023 29
0.000231 29
0.000232 29
0.000233 29
0.000234 29
0.000235 29
0.000236 29
0.000237 29
0.000238 29
0.000239 29
0.00024 29
0.000241 29
0.000242 29
0.000243 29
0.000244 29
0.000245 29
0.000246 29
0.000247 29
0.000248 29
0.000249 29
0.00025 29
0.000251 29
0.000252 29
0.000253 29
0.000254 29
0.000255 29
0.000256 29
0.000257 29
0.000258 29
0.000259 29
0.00026 29
0.000261 29
0.000262 29
0.000263 29
0.000264 29
0.000265 29
0.000266 29
0.000267 29
0.000268 29
0.000269 29
0.00027 29
0.000271 29
0.000272 29
0.000273 29
0.000274 29
0.000275 29
0.000276 29
0.000277 29
0.000278 29
0.000279 29
0.00028 29
0.000281 29
0.000282 29
0.000283 29
0.000284 29
0.000285 29
0.000286 29
0.000287 29
0.000288 29
0.000289 29
0.00029 29
0.000291 29
0.000292 29
0.000293 29
0.000294 29
0.000295 29
0.000296 29
0.000297 29
0.000298 29
0.000299 29
0.0003 29
0.000301 29
0.000302 29
0.000303 29
0.000304 29
0.000305 29
0.000306 29
0.000307 29
0.000308 29
0.000309 29
0.00031 29
0.000311 29
0.000312 29
0.000313 29
0.000314 29
0.000315 29
0.000316 29
0.000317 29
0.000318 29
0.000319 29
0.00032 29
0.000321 29
0.000322 29
0.000323 29
0.000324 29
0.000325 29
0.000326 29
0.000327 29
0.000328 29
0.000329 29
0.00033 29
0.000331 29
0.000332 29
0.000333 29
0.000334 29
0.000335 29
0.000336 29
0.000337 29
0.000338 29
0.000339 29
0.00034 29
0.000341 29
0.000342 29
0.000343 29
0.000344 29
0.000345 29
0.000346 29
0.000347 29
0.000348 29
0.000349 29
0.00035 29
0.000351 29
0.000352 29
0.000353 29
0.000354 29
0.000355 29
0.000356 29
0.000357 29
0.000358 29
0.000359 29
0.00036 29
0.000361 29
0.000362 29
0.000363 29
0.000364 29
0.000365 29
0.000366 29
0.000367 29
0.000368 29
0.000369 29
0.00037 29
0.000371 29
0.000372 29
0.000373 29
0.000374 29
0.000375 29
0.000376 29
0.000377 29
0.000378 29
0.000379 29
0.00038 29
0.000381 29
0.000382 29
0.000383 29
0.000384 29
0.000385 29
0.000386 29
0.000387 29
0.000388 29
0.000389 29
0.00039 29
0.000391 29
0.000392 29
0.000393 29
0.000394 29
0.000395 29
0.000396 29
0.000397 29
0.000398 29
0.000399 29
0.0004 29
0.000401 29
0.000402 29
0.000403 29
0.000404 29
0.000405 29
0.000406 29
0.000407 29
0.000408 29
0.000409 29
0.00041 29
0.000411 29
0.000412 29
0.000413 29
0.000414 29
0.000415 29
0.000416 29
0.000417 29
0.000418 29
0.000419 29
0.00042 29
0.000421 29
0.000422 29
0.000423 29
0.000424 29
0.000425 29
0.000426 29
0.000427 29
0.000428 29
0.000429 29
0.00043 29
0.000431 29
0.000432 29
0.000433 29
0.000434 29
0.000435 29
0.000436 29
0.000437 29
0.000438 29
0.000439 29
0.00044 29
0.000441 29
0.000442 29
0.000443 29
0.000444 29
0.000445 29
0.000446 29
0.000447 29
0.000448 29
0.000449 29
0.00045 29
0.000451 29
0.000452 29
0.000453 29
0.000454 29
0.000455 29
0.000456 29
0.000457 29
0.000458 29
0.000459 29
0.00046 29
0.000461 29
0.000462 29
0.000463 29
0.000464 29
0.000465 29
0.000466 29
0.000467 29
0.000468 29
0.000469 29
0.00047 29
0.000471 29
0.000472 29
0.000473 29
0.000474 29
0.000475 29
0.000476 29
0.000477 29
0.000478 29
0.000479 29
0.00048 29
0.000481 29
0.000482 29
0.000483 29
0.000484 29
0.000485 29
0.000486 29
0.000487 29
0.000488 29
0.000489 29
0.00049 29
0.000491 29
0.000492 29
0.000493 29
0.000494 29
0.000495 29
0.000496 29
0.000497 29
0.000498 29
0.000499 29
0.0005 29
0.000501 29
0.000502 29
0.000503 29
0.000504 29
0.000505 29
0.000506 29
0.000507 29
0.000508 29
0.000509 29
0.00051 29
0.000511 29
0.000512 29
0.000513 29
0.000514 29
0.000515 29
0.000516 29
0.000517 29
0.000518 29
0.000519 29
0.00052 29
0.000521 29
0.000522 29
0.000523 29
0.000524 29
0.000525 29
0.000526 29
0.000527 29
0.000528 29
0.000529 29
0.00053 29
0.000531 29
0.000532 29
0.000533 29
0.000534 29
0.000535 29
0.000536 29
0.000537 29
0.000538 29
0.000539 29
0.00054 29
0.000541 29
0.000542 29
0.000543 29
0.000544 29
0.000545 29
0.000546 29
0.000547 29
0.000548 29
0.000549 29
0.00055 29
0.000551 29
0.000552 29
0.000553 29
0.000554 29
0.000555 29
0.000556 29
0.000557 29
0.000558 29
0.000559 29
0.00056 29
0.000561 29
0.000562 29
0.000563 29
0.000564 29
0.000565 29
0.000566 29
0.000567 29
0.000568 29
0.000569 29
0.00057 29
0.000571 29
0.000572 29
0.000573 29
0.000574 29
0.000575 29
0.000576 29
0.000577 29
0.000578 29
0.000579 29
0.00058 29
0.000581 29
0.000582 29
0.000583 29
0.000584 29
0.000585 29
0.000586 29
0.000587 29
0.000588 29
0.000589 29
0.00059 29
0.000591 29
0.000592 29
0.000593 29
0.000594 29
0.000595 29
0.000596 29
0.000597 29
0.000598 29
0.000599 29
0.0006 29
0.000601 29
0.000602 29
0.000603 29
0.000604 29
0.000605 29
0.000606 29
0.000607 29
0.000608 29
0.000609 29
0.00061 29
0.000611 29
0.000612 29
0.000613 29
0.000614 29
0.000615 29
0.000616 29
0.000617 29
0.000618 29
0.000619 29
0.00062 29
0.000621 29
0.000622 29
0.000623 29
0.000624 29
0.000625 29
0.000626 29
0.000627 29
0.000628 29
0.000629 29
0.00063 29
0.000631 29
0.000632 29
0.000633 29
0.000634 29
0.000635 29
0.000636 29
0.000637 29
0.000638 29
0.000639 29
0.00064 29
0.000641 29
0.000642 29
0.000643 29
0.000644 29
0.000645 29
0.000646 29
0.000647 29
0.000648 29
0.000649 29
0.00065 29
0.000651 29
0.000652 29
0.000653 29
0.000654 29
0.000655 29
0.000656 29
0.000657 29
0.000658 29
0.000659 29
0.00066 29
0.000661 29
0.000662 29
0.000663 29
0.000664 29
0.000665 29
0.000666 29
0.000667 29
0.000668 29
0.000669 29
0.00067 29
0.000671 29
0.000672 29
0.000673 29
0.000674 29
0.000675 29
0.000676 29
0.000677 29
0.000678 29
0.000679 29
0.00068 29
0.000681 29
0.000682 29
0.000683 29
0.000684 29
0.000685 29
0.000686 29
0.000687 29
0.000688 29
0.000689 29
0.00069 29
0.000691 29
0.000692 29
0.000693 29
0.000694 29
0.000695 29
0.000696 29
0.000697 29
0.000698 29
0.000699 29
0.0007 29
0.000701 29
0.000702 29
0.000703 29
0.000704 29
0.000705 29
0.000706 29
0.000707 29
0.000708 29
0.000709 29
0.00071 29
0.000711 29
0.000712 29
0.000713 29
0.000714 29
0.000715 29
0.000716 29
0.000717 29
0.000718 29
0.000719 29
0.00072 29
0.000721 29
0.000722 29
0.000723 29
0.000724 29
0.000725 29
0.000726 29
0.000727 29
0.000728 29
0.000729 29
0.00073 29
0.000731 29
0.000732 29
0.000733 29
0.000734 29
0.000735 29
0.000736 29
0.000737 29
0.000738 29
0.000739 29
0.00074 29
0.000741 29
0.000742 29
0.000743 29
0.000744 29
0.000745 29
0.000746 29
0.000747 29
0.000748 29
0.000749 29
0.00075 29
0.000751 29
0.000752 29
0.000753 29
0.000754 29
0.000755 29
0.000756 29
0.000757 29
0.000758 29
0.000759 29
0.00076 29
0.000761 29
0.000762 29
0.000763 29
0.000764 29
0.000765 29
0.000766 29
0.000767 29
0.000768 29
0.000769 29
0.00077 29
0.000771 29
0.000772 29
0.000773 29
0.000774 29
0.000775 29
0.000776 29
0.000777 29
0.000778 29
0.000779 29
0.00078 29
0.000781 29
0.000782 29
0.000783 29
0.000784 29
0.000785 29
0.000786 29
0.000787 29
0.000788 29
0.000789 29
0.00079 29
0.000791 29
0.000792 29
0.000793 29
0.000794 29
0.000795 29
0.000796 29
0.000797 29
0.000798 29
0.000799 29
0.0008 29
0.000801 29
0.000802 29
0.000803 29
0.000804 29
0.000805 29
0.000806 29
0.000807 29
0.000808 29
0.000809 29
0.00081 29
0.000811 29
0.000812 29
0.000813 29
0.000814 29
0.000815 29
0.000816 29
0.000817 29
0.000818 29
0.000819 29
0.00082 29
0.000821 29
0.000822 29
0.000823 29
0.000824 29
0.000825 29
0.000826 29
0.000827 29
0.000828 29
0.000829 29
0.00083 29
0.000831 29
0.000832 29
0.000833 29
0.000834 29
0.000835 29
0.000836 29
0.000837 29
0.000838 29
0.000839 29
0.00084 29
0.000841 29
0.000842 29
0.000843 29
0.000844 29
0.000845 29
0.000846 29
0.000847 29
0.000848 29
0.000849 29
0.00085 29
0.000851 29
0.000852 29
0.000853 29
0.000854 29
0.000855 29
0.000856 29
0.000857 29
0.000858 29
0.000859 29
0.00086 29
0.000861 29
0.000862 29
0.000863 29
0.000864 29
0.000865 29
0.000866 29
0.000867 29
0.000868 29
0.000869 29
0.00087 29
0.000871 29
0.000872 29
0.000873 29
0.000874 29
0.000875 29
0.000876 29
0.000877 29
0.000878 29
0.000879 29
0.00088 29
0.000881 29
0.000882 29
0.000883 29
0.000884 29
0.000885 29
0.000886 29
0.000887 29
0.000888 29
0.000889 29
0.00089 29
0.000891 29
0.000892 29
0.000893 29
0.000894 29
0.000895 29
0.000896 29
0.000897 29
0.000898 29
0.000899 29
0.0009 29
0.000901 29
0.000902 29
0.000903 29
0.000904 29
0.000905 29
0.000906 29
0.000907 29
0.000908 29
0.000909 29
0.00091 29
0.000911 29
0.000912 29
0.000913 29
0.000914 29
0.000915 29
0.000916 29
0.000917 29
0.000918 29
0.000919 29
0.00092 29
0.000921 29
0.000922 29
0.000923 29
0.000924 29
0.000925 29
0.000926 29
0.000927 29
0.000928 29
0.000929 29
0.00093 29
0.000931 29
0.000932 29
0.000933 29
0.000934 29
0.000935 29
0.000936 29
0.000937 29
0.000938 29
0.000939 29
0.00094 29
0.000941 29
0.000942 29
0.000943 29
0.000944 29
0.000945 29
0.000946 29
0.000947 29
0.000948 29
0.000949 29
0.00095 29
0.000951 29
0.000952 29
0.000953 29
0.000954 29
0.000955 29
0.000956 29
0.000957 29
0.000958 29
0.000959 29
0.00096 29
0.000961 29
0.000962 29
0.000963 29
0.000964 29
0.000965 29
0.000966 29
0.000967 29
0.000968 29
0.000969 29
0.00097 29
0.000971 29
0.000972 29
0.000973 29
0.000974 29
0.000975 29
0.000976 29
0.000977 29
0.000978 29
0.000979 29
0.00098 29
0.000981 29
0.000982 29
0.000983 29
0.000984 29
0.000985 29
0.000986 29
0.000987 29
0.000988 29
0.000989 29
0.00099 29
0.000991 29
0.000992 29
0.000993 29
0.000994 29
0.000995 29
0.000996 29
0.000997 29
0.000998 29
0.000999 29
0.001 29
