0 35
1e-06 35
2e-06 34
3e-06 34
4e-06 34
5e-06 34
6e-06 34
7e-06 34
8e-06 34
9e-06 34
1e-05 33
1.1e-05 33
1.2e-05 33
1.3e-05 33
1.4e-05 32
1.5e-05 32
1.6e-05 32
1.7e-05 32
1.8e-05 32
1.9e-05 32
2e-05 31
2.1e-05 30
2.2e-05 30
2.3e-05 30
2.4e-05 30
2.5e-05 30
2.6e-05 30
2.7e-05 29
2.8e-05 29
2.9e-05 28
3e-05 27
3.1e-05 27
3.2e-05 27
3.3e-05 26
3.4e-05 26
3.5e-05 26
3.6e-05 26
3.7e-05 26
3.8e-05 26
3.9e-05 26
4e-05 26
4.1e-05 26
4.2e-05 26
4.3e-05 26
4.4e-05 26
4.5e-05 26
4.6e-05 26
4.7e-05 26
4.8e-05 26
4.9e-05 26
5e-05 26
5.1e-05 26
5.2e-05 26
5.3e-05 26
5.4e-05 26
5.5e-05 26
5.6e-05 26
5.7e-05 26
5.8e-05 26
5.9e-05 26
6e-05 26
6.1e-05 26
6.2e-05 26
6.3e-05 26
6.4e-05 26
6.5e-05 26
6.6e-05 26
6.7e-05 26
6.8e-05 26
6.9e-05 26
7e-05 26
7.1e-05 26
7.2e-05 26
7.3e-05 26
7.4e-05 26
7.5e-05 26
7.6e-05 26
7.7e-05 26
7.8e-05 26
7.9e-05 26
8e-05 26
8.1e-05 26
8.2e-05 26
8.3e-05 26
8.4e-05 25
8.5e-05 25
8.6e-05 25
8.7e-05 25
8.8e-05 25
8.9e-05 25
9e-05 25
9.1e-05 25
9.2e-05 25
9.3e-05 25
9.4e-05 25
9.5e-05 25
9.6e-05 25
9.7e-05 25
9.8e-05 25
9.9e-05 25
0.0001 25
0.000101 25
0.000102 25
0.000103 25
0.000104 25
0.000105 25
0.000106 25
0.000107 25
0.000108 25
0.000109 25
0.00011 25
0.000111 25
0.000112 25
0.000113 25
0.000114 25
0.000115 25
0.000116 25
0.000117 25
0.000118 25
0.000119 25
0.00012 25
0.000121 25
0.000122 25
0.000123 25
0.000124 25
0.000125 25
0.000126 25
0.000127 25
0.000128 25
0.000129 25
0.00013 25
0.000131 25
0.000132 25
0.000133 25
0.000134 25
0.000135 25
0.000136 25
0.000137 25
0.000138 25
0.000139 25
0.00014 25
0.000141 25
0.000142 25
0.000143 25
0.000144 25
0.000145 25
0.000146 25
0.000147 25
0.000148 25
0.000149 25
0.00015 25
0.000151 25
0.000152 25
0.000153 25
0.000154 25
0.000155 25
0.000156 25
0.000157 25
0.000158 25
0.000159 25
0.00016 25
0.000161 25
0.000162 25
0.000163 25
0.000164 25
0.000165 25
0.000166 25
0.000167 25
0.000168 25
0.000169 25
0.00017 25
0.000171 25
0.000172 25
0.000173 25
0.000174 25
0.000175 25
0.000176 25
0.000177 25
0.000178 25
0.000179 25
0.00018 25
0.000181 25
0.000182 25
0.000183 25
0.000184 25
0.000185 25
0.000186 26
0.000187 26
0.000188 26
0.000189 26
0.00019 26
0.000191 26
0.000192 26
0.000193 26
0.000194 26
0.000195 26
0.000196 26
0.000197 26
0.000198 26
0.000199 26
0.0002 26
0.000201 26
0.000202 26
0.000203 26
0.000204 26
0.000205 26
0.000206 26
0.000207 26
0.000208 26
0.000209 26
0.00021 26
0.000211 26
0.000212 26
0.000213 26
0.000214 26
0.000215 26
0.000216 26
0.000217 26
0.000218 26
0.000219 26
0.00022 26
0.000221 26
0.000222 26
0.000223 26
0.000224 26
0.000225 26
0.000226 26
0.000227 26
0.000228 26
0.000229 26
0.00023 26
0.000231 26
0.000232 26
0.000233 26
0.000234 26
0.000235 26
0.000236 26
0.000237 26
0.000238 26
0.000239 26
0.00024 26
0.000241 26
0.000242 26
0.000243 26
0.000244 26
0.000245 26
0.000246 26
0.000247 26
0.000248 26
0.000249 26
0.00025 26
0.000251 26
0.000252 26
0.000253 26
0.000254 26
0.000255 26
0.000256 26
0.000257 26
0.000258 26
0.000259 26
0.00026 26
0.000261 26
0.000262 26
0.000263 26
0.000264 26
0.000265 26
0.000266 26
0.000267 26
0.000268 26
0.000269 26
0.00027 26
0.000271 26
0.000272 26
0.000273 26
0.000274 26
0.000275 26
0.000276 26
0.000277 26
0.000278 26
0.000279 26
0.00028 26
0.000281 26
0.000282 26
0.000283 26
0.000284 26
0.000285 26
0.000286 26
0.000287 26
0.000288 26
0.000289 26
0.00029 26
0.000291 26
0.000292 26
0.000293 26
0.000294 26
0.000295 26
0.000296 26
0.000297 26
0.000298 26
0.000299 26
0.0003 26
0.000301 26
0.000302 26
0.000303 26
0.000304 26
0.000305 26
0.000306 26
0.000307 26
0.000308 26
0.000309 26
0.00031 26
0.000311 26
0.000312 26
0.000313 26
0.000314 26
0.000315 26
0.000316 26
0.000317 26
0.000318 26
0.000319 26
0.00032 26
0.000321 26
0.000322 26
0.000323 26
0.000324 26
0.000325 26
0.000326 26
0.000327 26
0.000328 26
0.000329 26
0.00033 26
0.000331 26
0.000332 26
0.000333 26
0.000334 26
0.000335 26
0.000336 26
0.000337 26
0.000338 26
0.000339 26
0.00034 26
0.000341 26
0.000342 26
0.000343 26
0.000344 26
0.000345 26
0.000346 26
0.000347 26
0.000348 26
0.000349 26
0.00035 26
0.000351 26
0.000352 26
0.000353 26
0.000354 26
0.000355 26
0.000356 26
0.000357 26
0.000358 26
0.000359 26
0.00036 26
0.000361 26
0.000362 26
0.000363 26
0.000364 26
0.000365 26
0.000366 26
0.000367 26
0.000368 26
0.000369 26
0.00037 26
0.000371 26
0.000372 26
0.000373 26
0.000374 26
0.000375 26
0.000376 26
0.000377 26
0.000378 26
0.000379 26
0.00038 26
0.000381 26
0.000382 26
0.000383 26
0.000384 26
0.000385 26
0.000386 26
0.000387 26
0.000388 26
0.000389 26
0.00039 26
0.000391 26
0.000392 26
0.000393 26
0.000394 26
0.000395 26
0.000396 26
0.000397 26
0.000398 26
0.000399 26
0.0004 26
0.000401 26
0.000402 26
0.000403 26
0.000404 26
0.000405 26
0.000406 26
0.000407 26
0.000408 26
0.000409 26
0.00041 26
0.000411 26
0.000412 26
0.000413 26
0.000414 26
0.000415 26
0.000416 26
0.000417 26
0.000418 26
0.000419 26
0.00042 26
0.000421 26
0.000422 26
0.000423 26
0.000424 26
0.000425 26
0.000426 26
0.000427 26
0.000428 26
0.000429 26
0.00043 26
0.000431 26
0.000432 26
0.000433 26
0.000434 26
0.000435 26
0.000436 26
0.000437 26
0.000438 26
0.000439 26
0.00044 26
0.000441 26
0.000442 26
0.000443 26
0.000444 26
0.000445 26
0.000446 26
0.000447 26
0.000448 26
0.000449 26
0.00045 26
0.000451 26
0.000452 26
0.000453 26
0.000454 26
0.000455 26
0.000456 26
0.000457 26
0.000458 26
0.000459 26
0.00046 26
0.000461 26
0.000462 26
0.000463 26
0.000464 26
0.000465 26
0.000466 26
0.000467 26
0.000468 26
0.000469 26
0.00047 26
0.000471 26
0.000472 26
0.000473 26
0.000474 26
0.000475 26
0.000476 26
0.000477 26
0.000478 26
0.000479 26
0.00048 26
0.000481 26
0.000482 26
0.000483 26
0.000484 26
0.000485 26
0.000486 26
0.000487 26
0.000488 26
0.000489 26
0.00049 26
0.000491 26
0.000492 26
0.000493 26
0.000494 26
0.000495 26
0.000496 26
0.000497 26
0.000498 26
0.000499 26
0.0005 26
0.000501 26
0.000502 26
0.000503 26
0.000504 26
0.000505 26
0.000506 26
0.000507 26
0.000508 26
0.000509 26
0.00051 26
0.000511 26
0.000512 26
0.000513 26
0.000514 26
0.000515 26
0.000516 26
0.000517 26
0.000518 26
0.000519 26
0.00052 26
0.000521 26
0.000522 26
0.000523 26
0.000524 26
0.000525 26
0.000526 26
0.000527 26
0.000528 26
0.000529 26
0.00053 26
0.000531 26
0.000532 26
0.000533 26
0.000534 26
0.000535 26
0.000536 26
0.000537 26
0.000538 26
0.000539 26
0.00054 26
0.000541 26
0.000542 26
0.000543 26
0.000544 26
0.000545 26
0.000546 26
0.000547 26
0.000548 26
0.000549 26
0.00055 26
0.000551 26
0.000552 26
0.000553 26
0.000554 26
0.000555 26
0.000556 26
0.000557 26
0.000558 26
0.000559 26
0.00056 26
0.000561 26
0.000562 26
0.000563 26
0.000564 26
0.000565 26
0.000566 26
0.000567 26
0.000568 26
0.000569 26
0.00057 26
0.000571 26
0.000572 26
0.000573 26
0.000574 26
0.000575 26
0.000576 26
0.000577 26
0.000578 26
0.000579 26
0.00058 26
0.000581 26
0.000582 26
0.000583 26
0.000584 26
0.000585 26
0.000586 26
0.000587 26
0.000588 26
0.000589 26
0.00059 26
0.000591 26
0.000592 26
0.000593 26
0.000594 26
0.000595 26
0.000596 26
0.000597 26
0.000598 26
0.000599 26
0.0006 26
0.000601 26
0.000602 26
0.000603 26
0.000604 26
0.000605 26
0.000606 26
0.000607 26
0.000608 26
0.000609 26
0.00061 26
0.000611 26
0.000612 26
0.000613 26
0.000614 26
0.000615 26
0.000616 26
0.000617 26
0.000618 26
0.000619 26
0.00062 26
0.000621 26
0.000622 26
0.000623 26
0.000624 26
0.000625 26
0.000626 26
0.000627 26
0.000628 26
0.000629 26
0.00063 26
0.000631 26
0.000632 26
0.000633 26
0.000634 26
0.000635 26
0.000636 26
0.000637 26
0.000638 26
0.000639 26
0.00064 26
0.000641 26
0.000642 26
0.000643 26
0.000644 26
0.000645 26
0.000646 26
0.000647 26
0.000648 26
0.000649 26
0.00065 26
0.000651 26
0.000652 26
0.000653 26
0.000654 26
0.000655 26
0.000656 26
0.000657 26
0.000658 26
0.000659 26
0.00066 26
0.000661 26
0.000662 26
0.000663 26
0.000664 26
0.000665 26
0.000666 26
0.000667 26
0.000668 26
0.000669 26
0.00067 26
0.000671 26
0.000672 26
0.000673 26
0.000674 26
0.000675 26
0.000676 26
0.000677 26
0.000678 26
0.000679 26
0.00068 26
0.000681 26
0.000682 26
0.000683 26
0.000684 26
0.000685 26
0.000686 26
0.000687 26
0.000688 26
0.000689 26
0.00069 26
0.000691 26
0.000692 26
0.000693 26
0.000694 26
0.000695 26
0.000696 26
0.000697 26
0.000698 26
0.000699 26
0.0007 26
0.000701 26
0.000702 26
0.000703 26
0.000704 26
0.000705 26
0.000706 26
0.000707 26
0.000708 26
0.000709 26
0.00071 26
0.000711 26
0.000712 26
0.000713 26
0.000714 26
0.000715 26
0.000716 26
0.000717 26
0.000718 26
0.000719 26
0.00072 26
0.000721 26
0.000722 26
0.000723 26
0.000724 26
0.000725 26
0.000726 26
0.000727 26
0.000728 26
0.000729 26
0.00073 26
0.000731 26
0.000732 26
0.000733 26
0.000734 26
0.000735 26
0.000736 26
0.000737 26
0.000738 26
0.000739 26
0.00074 26
0.000741 26
0.000742 26
0.000743 26
0.000744 26
0.000745 26
0.000746 26
0.000747 26
0.000748 26
0.000749 26
0.00075 26
0.000751 26
0.000752 26
0.000753 26
0.000754 26
0.000755 26
0.000756 26
0.000757 26
0.000758 26
0.000759 26
0.00076 26
0.000761 26
0.000762 26
0.000763 26
0.000764 26
0.000765 26
0.000766 26
0.000767 26
0.000768 26
0.000769 26
0.00077 26
0.000771 26
0.000772 26
0.000773 26
0.000774 26
0.000775 26
0.000776 26
0.000777 26
0.000778 26
0.000779 26
0.00078 26
0.000781 26
0.000782 26
0.000783 26
0.000784 26
0.000785 26
0.000786 26
0.000787 26
0.000788 26
0.000789 26
0.00079 26
0.000791 26
0.000792 26
0.000793 26
0.000794 26
0.000795 26
0.000796 26
0.000797 26
0.000798 26
0.000799 26
0.0008 26
0.000801 26
0.000802 26
0.000803 26
0.000804 26
0.000805 26
0.000806 26
0.000807 26
0.000808 26
0.000809 26
0.00081 26
0.000811 26
0.000812 26
0.000813 26
0.000814 26
0.000815 26
0.000816 26
0.000817 26
0.000818 26
0.000819 26
0.00082 26
0.000821 26
0.000822 26
0.000823 26
0.000824 26
0.000825 26
0.000826 26
0.000827 26
0.000828 26
0.000829 26
0.00083 26
0.000831 26
0.000832 26
0.000833 26
0.000834 26
0.000835 26
0.000836 26
0.000837 26
0.000838 26
0.000839 26
0.00084 26
0.000841 26
0.000842 26
0.000843 26
0.000844 26
0.000845 26
0.000846 26
0.000847 26
0.000848 26
0.000849 26
0.00085 26
0.000851 26
0.000852 26
0.000853 26
0.000854 26
0.000855 26
0.000856 26
0.000857 26
0.000858 26
0.000859 26
0.00086 26
0.000861 26
0.000862 26
0.000863 26
0.000864 26
0.000865 26
0.000866 26
0.000867 26
0.000868 26
0.000869 26
0.00087 26
0.000871 26
0.000872 26
0.000873 26
0.000874 26
0.000875 26
0.000876 26
0.000877 26
0.000878 26
0.000879 26
0.00088 26
0.000881 26
0.000882 26
0.000883 26
0.000884 26
0.000885 26
0.000886 26
0.000887 26
0.000888 26
0.000889 26
0.00089 26
0.000891 26
0.000892 26
0.000893 26
0.000894 26
0.000895 26
0.000896 26
0.000897 26
0.000898 26
0.000899 26
0.0009 26
0.000901 26
0.000902 26
0.000903 26
0.000904 26
0.000905 26
0.000906 26
0.000907 26
0.000908 26
0.000909 26
0.00091 26
0.000911 26
0.000912 26
0.000913 26
0.000914 26
0.000915 26
0.000916 26
0.000917 26
0.000918 26
0.000919 26
0.00092 26
0.000921 26
0.000922 26
0.000923 26
0.000924 26
0.000925 26
0.000926 26
0.000927 26
0.000928 26
0.000929 26
0.00093 26
0.000931 26
0.000932 26
0.000933 26
0.000934 26
0.000935 26
0.000936 26
0.000937 26
0.000938 26
0.000939 26
0.00094 26
0.000941 26
0.000942 26
0.000943 26
0.000944 26
0.000945 26
0.000946 26
0.000947 26
0.000948 26
0.000949 26
0.00095 26
0.000951 26
0.000952 26
0.000953 26
0.000954 26
0.000955 26
0.000956 26
0.000957 26
0.000958 26
0.000959 26
0.00096 26
0.000961 26
0.000962 26
0.000963 26
0.000964 26
0.000965 26
0.000966 26
0.000967 26
0.000968 26
0.000969 26
0.00097 26
0.000971 26
0.000972 26
0.000973 26
0.000974 26
0.000975 26
0.000976 26
0.000977 26
0.000978 26
0.000979 26
0.00098 26
0.000981 26
0.000982 26
0.000983 26
0.000984 26
0.000985 26
0.000986 26
0.000987 26
0.000988 26
0.000989 26
0.00099 26
0.000991 26
0.000992 26
0.000993 26
0.000994 26
0.000995 26
0.000996 26
0.000997 26
0.000998 26
0.000999 26
0.001 26
