0 500
1e-06 500
2e-06 500
3e-06 499
4e-06 499
5e-06 498
6e-06 495
7e-06 496
8e-06 496
9e-06 495
1e-05 493
1.1e-05 493
1.2e-05 493
1.3e-05 490
1.4e-05 488
1.5e-05 486
1.6e-05 486
1.7e-05 485
1.8e-05 486
1.9e-05 485
2e-05 483
2.1e-05 479
2.2e-05 480
2.3e-05 479
2.4e-05 478
2.5e-05 476
2.6e-05 473
2.7e-05 473
2.8e-05 470
2.9e-05 471
3e-05 471
3.1e-05 470
3.2e-05 466
3.3e-05 463
3.4e-05 462
3.5e-05 462
3.6e-05 460
3.7e-05 457
3.8e-05 457
3.9e-05 451
4e-05 448
4.1e-05 447
4.2e-05 440
4.3e-05 439
4.4e-05 435
4.5e-05 430
4.6e-05 428
4.7e-05 428
4.8e-05 422
4.9e-05 422
5e-05 421
5.1e-05 418
5.2e-05 418
5.3e-05 414
5.4e-05 412
5.5e-05 410
5.6e-05 404
5.7e-05 400
5.8e-05 399
5.9e-05 395
6e-05 391
6.1e-05 390
6.2e-05 389
6.3e-05 384
6.4e-05 382
6.5e-05 381
6.6e-05 379
6.7e-05 374
6.8e-05 371
6.9e-05 370
7e-05 365
7.1e-05 364
7.2e-05 364
7.3e-05 360
7.4e-05 356
7.5e-05 351
7.6e-05 350
7.7e-05 350
7.8e-05 348
7.9e-05 346
8e-05 342
8.1e-05 340
8.2e-05 339
8.3e-05 339
8.4e-05 336
8.5e-05 334
8.6e-05 331
8.7e-05 328
8.8e-05 326
8.9e-05 325
9e-05 324
9.1e-05 322
9.2e-05 319
9.3e-05 317
9.4e-05 315
9.5e-05 313
9.6e-05 311
9.7e-05 308
9.8e-05 306
9.9e-05 306
0.0001 305
0.000101 303
0.000102 301
0.000103 302
0.000104 300
0.000105 299
0.000106 298
0.000107 298
0.000108 296
0.000109 295
0.00011 295
0.000111 293
0.000112 291
0.000113 288
0.000114 286
0.000115 285
0.000116 283
0.000117 283
0.000118 277
0.000119 277
0.00012 273
0.000121 269
0.000122 266
0.000123 265
0.000124 264
0.000125 262
0.000126 258
0.000127 257
0.000128 257
0.000129 253
0.00013 253
0.000131 252
0.000132 249
0.000133 248
0.000134 249
0.000135 247
0.000136 246
0.000137 244
0.000138 245
0.000139 244
0.00014 242
0.000141 242
0.000142 241
0.000143 240
0.000144 237
0.000145 235
0.000146 234
0.000147 233
0.000148 232
0.000149 231
0.00015 229
0.000151 229
0.000152 228
0.000153 228
0.000154 228
0.000155 223
0.000156 219
0.000157 213
0.000158 211
0.000159 208
0.00016 207
0.000161 206
0.000162 206
0.000163 203
0.000164 202
0.000165 201
0.000166 200
0.000167 200
0.000168 199
0.000169 198
0.00017 198
0.000171 198
0.000172 193
0.000173 194
0.000174 193
0.000175 192
0.000176 191
0.000177 191
0.000178 191
0.000179 191
0.00018 191
0.000181 191
0.000182 188
0.000183 188
0.000184 187
0.000185 185
0.000186 185
0.000187 185
0.000188 184
0.000189 183
0.00019 180
0.000191 178
0.000192 177
0.000193 175
0.000194 174
0.000195 171
0.000196 171
0.000197 171
0.000198 168
0.000199 167
0.0002 167
0.000201 168
0.000202 167
0.000203 165
0.000204 164
0.000205 164
0.000206 163
0.000207 161
0.000208 161
0.000209 160
0.00021 159
0.000211 156
0.000212 155
0.000213 153
0.000214 151
0.000215 151
0.000216 151
0.000217 150
0.000218 149
0.000219 147
0.00022 147
0.000221 147
0.000222 147
0.000223 145
0.000224 144
0.000225 143
0.000226 143
0.000227 143
0.000228 142
0.000229 141
0.00023 140
0.000231 139
0.000232 140
0.000233 140
0.000234 140
0.000235 140
0.000236 139
0.000237 139
0.000238 139
0.000239 138
0.00024 138
0.000241 135
0.000242 133
0.000243 133
0.000244 133
0.000245 133
0.000246 132
0.000247 129
0.000248 127
0.000249 125
0.00025 125
0.000251 123
0.000252 123
0.000253 121
0.000254 121
0.000255 121
0.000256 120
0.000257 120
0.000258 120
0.000259 119
0.00026 119
0.000261 118
0.000262 118
0.000263 118
0.000264 117
0.000265 117
0.000266 117
0.000267 115
0.000268 115
0.000269 114
0.00027 114
0.000271 113
0.000272 111
0.000273 109
0.000274 109
0.000275 109
0.000276 109
0.000277 108
0.000278 108
0.000279 108
0.00028 108
0.000281 108
0.000282 106
0.000283 106
0.000284 103
0.000285 103
0.000286 102
0.000287 103
0.000288 103
0.000289 102
0.00029 101
0.000291 100
0.000292 97
0.000293 95
0.000294 93
0.000295 91
0.000296 92
0.000297 91
0.000298 91
0.000299 90
0.0003 91
0.000301 91
0.000302 91
0.000303 92
0.000304 90
0.000305 89
0.000306 89
0.000307 89
0.000308 87
0.000309 86
0.00031 85
0.000311 85
0.000312 85
0.000313 85
0.000314 84
0.000315 84
0.000316 83
0.000317 83
0.000318 82
0.000319 82
0.00032 82
0.000321 82
0.000322 82
0.000323 81
0.000324 81
0.000325 81
0.000326 80
0.000327 79
0.000328 79
0.000329 78
0.00033 78
0.000331 77
0.000332 76
0.000333 76
0.000334 76
0.000335 76
0.000336 74
0.000337 74
0.000338 74
0.000339 72
0.00034 69
0.000341 68
0.000342 68
0.000343 68
0.000344 68
0.000345 68
0.000346 68
0.000347 67
0.000348 67
0.000349 67
0.00035 65
0.000351 65
0.000352 65
0.000353 65
0.000354 65
0.000355 65
0.000356 63
0.000357 63
0.000358 63
0.000359 63
0.00036 62
0.000361 62
0.000362 62
0.000363 61
0.000364 61
0.000365 61
0.000366 61
0.000367 61
0.000368 59
0.000369 58
0.00037 58
0.000371 57
0.000372 57
0.000373 57
0.000374 55
0.000375 56
0.000376 56
0.000377 55
0.000378 55
0.000379 55
0.00038 53
0.000381 54
0.000382 51
0.000383 51
0.000384 50
0.000385 50
0.000386 50
0.000387 50
0.000388 50
0.000389 50
0.00039 50
0.000391 50
0.000392 50
0.000393 50
0.000394 50
0.000395 49
0.000396 49
0.000397 49
0.000398 48
0.000399 47
0.0004 47
0.000401 47
0.000402 47
0.000403 47
0.000404 47
0.000405 47
0.000406 47
0.000407 46
0.000408 46
0.000409 46
0.00041 45
0.000411 44
0.000412 43
0.000413 43
0.000414 43
0.000415 43
0.000416 43
0.000417 43
0.000418 42
0.000419 42
0.00042 41
0.000421 41
0.000422 41
0.000423 41
0.000424 41
0.000425 40
0.000426 40
0.000427 40
0.000428 40
0.000429 40
0.00043 40
0.000431 40
0.000432 40
0.000433 40
0.000434 40
0.000435 40
0.000436 40
0.000437 40
0.000438 40
0.000439 40
0.00044 40
0.000441 39
0.000442 38
0.000443 38
0.000444 37
0.000445 37
0.000446 37
0.000447 37
0.000448 37
0.000449 37
0.00045 37
0.000451 37
0.000452 35
0.000453 35
0.000454 35
0.000455 35
0.000456 35
0.000457 35
0.000458 35
0.000459 35
0.00046 35
0.000461 35
0.000462 35
0.000463 34
0.000464 34
0.000465 34
0.000466 34
0.000467 33
0.000468 32
0.000469 32
0.00047 32
0.000471 32
0.000472 32
0.000473 31
0.000474 31
0.000475 31
0.000476 31
0.000477 31
0.000478 31
0.000479 31
0.00048 31
0.000481 29
0.000482 30
0.000483 29
0.000484 28
0.000485 28
0.000486 28
0.000487 28
0.000488 28
0.000489 28
0.00049 28
0.000491 27
0.000492 28
0.000493 29
0.000494 28
0.000495 28
0.000496 28
0.000497 27
0.000498 28
0.000499 28
0.0005 28
0.000501 28
0.000502 28
0.000503 28
0.000504 28
0.000505 28
0.000506 28
0.000507 28
0.000508 28
0.000509 28
0.00051 28
0.000511 28
0.000512 28
0.000513 28
0.000514 26
0.000515 26
0.000516 26
0.000517 26
0.000518 26
0.000519 26
0.00052 26
0.000521 26
0.000522 26
0.000523 26
0.000524 25
0.000525 25
0.000526 25
0.000527 24
0.000528 24
0.000529 24
0.00053 24
0.000531 24
0.000532 24
0.000533 24
0.000534 24
0.000535 23
0.000536 23
0.000537 22
0.000538 22
0.000539 22
0.00054 22
0.000541 22
0.000542 22
0.000543 22
0.000544 22
0.000545 22
0.000546 22
0.000547 22
0.000548 22
0.000549 21
0.00055 21
0.000551 21
0.000552 21
0.000553 21
0.000554 21
0.000555 21
0.000556 21
0.000557 21
0.000558 21
0.000559 21
0.00056 21
0.000561 21
0.000562 21
0.000563 21
0.000564 21
0.000565 21
0.000566 20
0.000567 21
0.000568 21
0.000569 21
0.00057 20
0.000571 19
0.000572 18
0.000573 18
0.000574 18
0.000575 18
0.000576 17
0.000577 17
0.000578 16
0.000579 16
0.00058 16
0.000581 16
0.000582 16
0.000583 16
0.000584 16
0.000585 16
0.000586 16
0.000587 15
0.000588 15
0.000589 15
0.00059 15
0.000591 15
0.000592 14
0.000593 14
0.000594 14
0.000595 14
0.000596 14
0.000597 14
0.000598 14
0.000599 14
0.0006 14
0.000601 14
0.000602 14
0.000603 14
0.000604 14
0.000605 14
0.000606 14
0.000607 14
0.000608 14
0.000609 14
0.00061 14
0.000611 14
0.000612 14
0.000613 14
0.000614 14
0.000615 14
0.000616 14
0.000617 14
0.000618 14
0.000619 14
0.00062 13
0.000621 13
0.000622 13
0.000623 13
0.000624 13
0.000625 13
0.000626 12
0.000627 12
0.000628 12
0.000629 12
0.00063 12
0.000631 12
0.000632 12
0.000633 12
0.000634 12
0.000635 12
0.000636 12
0.000637 12
0.000638 12
0.000639 12
0.00064 12
0.000641 12
0.000642 12
0.000643 12
0.000644 11
0.000645 11
0.000646 11
0.000647 11
0.000648 11
0.000649 11
0.00065 11
0.000651 11
0.000652 11
0.000653 11
0.000654 11
0.000655 11
0.000656 10
0.000657 11
0.000658 11
0.000659 11
0.00066 11
0.000661 11
0.000662 11
0.000663 11
0.000664 11
0.000665 11
0.000666 11
0.000667 11
0.000668 11
0.000669 11
0.00067 11
0.000671 11
0.000672 11
0.000673 11
0.000674 9
0.000675 10
0.000676 9
0.000677 9
0.000678 8
0.000679 8
0.00068 8
0.000681 7
0.000682 7
0.000683 7
0.000684 7
0.000685 7
0.000686 7
0.000687 7
0.000688 7
0.000689 7
0.00069 7
0.000691 7
0.000692 7
0.000693 7
0.000694 7
0.000695 7
0.000696 7
0.000697 7
0.000698 7
0.000699 7
0.0007 7
0.000701 7
0.000702 7
0.000703 7
0.000704 7
0.000705 7
0.000706 7
0.000707 7
0.000708 7
0.000709 7
0.00071 7
0.000711 7
0.000712 7
0.000713 7
0.000714 7
0.000715 7
0.000716 7
0.000717 7
0.000718 7
0.000719 7
0.00072 7
0.000721 7
0.000722 7
0.000723 7
0.000724 7
0.000725 7
0.000726 7
0.000727 7
0.000728 7
0.000729 7
0.00073 7
0.000731 7
0.000732 7
0.000733 7
0.000734 7
0.000735 6
0.000736 6
0.000737 6
0.000738 7
0.000739 7
0.00074 7
0.000741 7
0.000742 7
0.000743 7
0.000744 7
0.000745 7
0.000746 7
0.000747 7
0.000748 7
0.000749 6
0.00075 7
0.000751 7
0.000752 7
0.000753 7
0.000754 7
0.000755 7
0.000756 7
0.000757 7
0.000758 7
0.000759 7
0.00076 7
0.000761 7
0.000762 7
0.000763 7
0.000764 7
0.000765 7
0.000766 7
0.000767 7
0.000768 7
0.000769 7
0.00077 7
0.000771 7
0.000772 7
0.000773 7
0.000774 7
0.000775 7
0.000776 7
0.000777 7
0.000778 7
0.000779 7
0.00078 7
0.000781 7
0.000782 7
0.000783 7
0.000784 7
0.000785 7
0.000786 7
0.000787 7
0.000788 7
0.000789 6
0.00079 6
0.000791 6
0.000792 6
0.000793 6
0.000794 6
0.000795 6
0.000796 5
0.000797 5
0.000798 5
0.000799 5
0.0008 5
0.000801 5
0.000802 5
0.000803 5
0.000804 5
0.000805 5
0.000806 5
0.000807 5
0.000808 5
0.000809 5
0.00081 5
0.000811 5
0.000812 5
0.000813 5
0.000814 5
0.000815 5
0.000816 5
0.000817 5
0.000818 5
0.000819 5
0.00082 5
0.000821 5
0.000822 5
0.000823 4
0.000824 4
0.000825 4
0.000826 3
0.000827 3
0.000828 2
0.000829 3
0.00083 3
0.000831 3
0.000832 3
0.000833 3
0.000834 3
0.000835 3
0.000836 3
0.000837 3
0.000838 3
0.000839 3
0.00084 3
0.000841 3
0.000842 3
0.000843 3
0.000844 3
0.000845 3
0.000846 3
0.000847 3
0.000848 3
0.000849 3
0.00085 3
0.000851 3
0.000852 3
0.000853 3
0.000854 3
0.000855 3
0.000856 3
0.000857 3
0.000858 4
0.000859 4
0.00086 4
0.000861 4
0.000862 3
0.000863 3
0.000864 3
0.000865 3
0.000866 3
0.000867 3
0.000868 3
0.000869 3
0.00087 3
0.000871 3
0.000872 3
0.000873 3
0.000874 3
0.000875 3
0.000876 3
0.000877 3
0.000878 3
0.000879 3
0.00088 3
0.000881 3
0.000882 3
0.000883 3
0.000884 3
0.000885 3
0.000886 3
0.000887 3
0.000888 3
0.000889 3
0.00089 3
0.000891 3
0.000892 3
0.000893 3
0.000894 3
0.000895 3
0.000896 3
0.000897 3
0.000898 3
0.000899 3
0.0009 2
0.000901 2
0.000902 2
0.000903 2
0.000904 2
0.000905 2
0.000906 2
0.000907 2
0.000908 2
0.000909 2
0.00091 2
0.000911 2
0.000912 2
0.000913 2
0.000914 2
0.000915 2
0.000916 2
0.000917 2
0.000918 2
0.000919 2
0.00092 2
0.000921 2
0.000922 2
0.000923 2
0.000924 2
0.000925 2
0.000926 2
0.000927 2
0.000928 2
0.000929 2
0.00093 2
0.000931 2
0.000932 2
0.000933 2
0.000934 2
0.000935 2
0.000936 2
0.000937 2
0.000938 2
0.000939 2
0.00094 2
0.000941 2
0.000942 2
0.000943 2
0.000944 2
0.000945 1
0.000946 2
0.000947 2
0.000948 2
0.000949 2
0.00095 2
0.000951 2
0.000952 2
0.000953 2
0.000954 2
0.000955 2
0.000956 2
0.000957 2
0.000958 2
0.000959 2
0.00096 2
0.000961 2
0.000962 2
0.000963 2
0.000964 2
0.000965 2
0.000966 2
0.000967 2
0.000968 2
0.000969 2
0.00097 2
0.000971 2
0.000972 2
0.000973 2
0.000974 2
0.000975 2
0.000976 2
0.000977 2
0.000978 2
0.000979 2
0.00098 2
0.000981 2
0.000982 2
0.000983 2
0.000984 2
0.000985 2
0.000986 2
0.000987 2
0.000988 2
0.000989 2
0.00099 2
0.000991 2
0.000992 2
0.000993 2
0.000994 2
0.000995 2
0.000996 2
0.000997 2
0.000998 2
0.000999 1
0.001 1
