0 500
1e-06 499
2e-06 496
3e-06 493
4e-06 491
5e-06 487
6e-06 486
7e-06 486
8e-06 485
9e-06 485
1e-05 485
1.1e-05 483
1.2e-05 481
1.3e-05 480
1.4e-05 479
1.5e-05 477
1.6e-05 477
1.7e-05 476
1.8e-05 476
1.9e-05 476
2e-05 475
2.1e-05 475
2.2e-05 474
2.3e-05 472
2.4e-05 472
2.5e-05 472
2.6e-05 472
2.7e-05 472
2.8e-05 472
2.9e-05 471
3e-05 471
3.1e-05 471
3.2e-05 470
3.3e-05 470
3.4e-05 470
3.5e-05 470
3.6e-05 470
3.7e-05 470
3.8e-05 470
3.9e-05 470
4e-05 470
4.1e-05 470
4.2e-05 470
4.3e-05 470
4.4e-05 470
4.5e-05 470
4.6e-05 470
4.7e-05 470
4.8e-05 470
4.9e-05 470
5e-05 470
5.1e-05 470
5.2e-05 470
5.3e-05 470
5.4e-05 470
5.5e-05 470
5.6e-05 470
5.7e-05 470
5.8e-05 470
5.9e-05 470
6e-05 470
6.1e-05 470
6.2e-05 470
6.3e-05 470
6.4e-05 470
6.5e-05 470
6.6e-05 470
6.7e-05 470
6.8e-05 470
6.9e-05 470
7e-05 470
7.1e-05 470
7.2e-05 470
7.3e-05 470
7.4e-05 470
7.5e-05 470
7.6e-05 470
7.7e-05 470
7.8e-05 470
7.9e-05 470
8e-05 470
8.1e-05 470
8.2e-05 470
8.3e-05 470
8.4e-05 470
8.5e-05 470
8.6e-05 470
8.7e-05 470
8.8e-05 470
8.9e-05 470
9e-05 470
9.1e-05 470
9.2e-05 470
9.3e-05 470
9.4e-05 470
9.5e-05 470
9.6e-05 470
9.7e-05 470
9.8e-05 470
9.9e-05 470
0.0001 470
0.000101 470
0.000102 470
0.000103 470
0.000104 470
0.000105 470
0.000106 470
0.000107 470
0.000108 470
0.000109 470
0.00011 470
0.000111 470
0.000112 470
0.000113 470
0.000114 470
0.000115 470
0.000116 470
0.000117 470
0.000118 470
0.000119 470
0.00012 470
0.000121 470
0.000122 470
0.000123 470
0.000124 470
0.000125 470
0.000126 470
0.000127 470
0.000128 470
0.000129 470
0.00013 470
0.000131 470
0.000132 470
0.000133 470
0.000134 470
0.000135 470
0.000136 470
0.000137 470
0.000138 470
0.000139 470
0.00014 470
0.000141 470
0.000142 470
0.000143 470
0.000144 470
0.000145 470
0.000146 470
0.000147 470
0.000148 470
0.000149 470
0.00015 469
0.000151 469
0.000152 469
0.000153 469
0.000154 469
0.000155 469
0.000156 469
0.000157 469
0.000158 469
0.000159 469
0.00016 469
0.000161 469
0.000162 469
0.000163 469
0.000164 469
0.000165 469
0.000166 469
0.000167 469
0.000168 469
0.000169 469
0.00017 469
0.000171 469
0.000172 469
0.000173 469
0.000174 469
0.000175 469
0.000176 469
0.000177 469
0.000178 469
0.000179 469
0.00018 469
0.000181 469
0.000182 469
0.000183 469
0.000184 469
0.000185 469
0.000186 469
0.000187 469
0.000188 469
0.000189 469
0.00019 469
0.000191 469
0.000192 469
0.000193 469
0.000194 469
0.000195 469
0.000196 469
0.000197 469
0.000198 469
0.000199 469
0.0002 469
0.000201 469
0.000202 469
0.000203 469
0.000204 469
0.000205 469
0.000206 469
0.000207 469
0.000208 469
0.000209 469
0.00021 469
0.000211 469
0.000212 469
0.000213 469
0.000214 469
0.000215 469
0.000216 469
0.000217 469
0.000218 469
0.000219 469
0.00022 469
0.000221 469
0.000222 469
0.000223 469
0.000224 469
0.000225 469
0.000226 469
0.000227 469
0.000228 469
0.000229 469
0.00023 469
0.000231 469
0.000232 469
0.000233 469
0.000234 469
0.000235 469
0.000236 469
0.000237 469
0.000238 469
0.000239 469
0.00024 469
0.000241 469
0.000242 469
0.000243 469
0.000244 469
0.000245 469
0.000246 469
0.000247 469
0.000248 469
0.000249 469
0.00025 469
0.000251 469
0.000252 469
0.000253 469
0.000254 469
0.000255 469
0.000256 469
0.000257 469
0.000258 469
0.000259 469
0.00026 469
0.000261 469
0.000262 469
0.000263 469
0.000264 469
0.000265 469
0.000266 469
0.000267 469
0.000268 469
0.000269 469
0.00027 469
0.000271 469
0.000272 469
0.000273 469
0.000274 469
0.000275 469
0.000276 469
0.000277 469
0.000278 469
0.000279 469
0.00028 469
0.000281 469
0.000282 469
0.000283 469
0.000284 469
0.000285 469
0.000286 469
0.000287 469
0.000288 469
0.000289 469
0.00029 469
0.000291 469
0.000292 469
0.000293 469
0.000294 469
0.000295 469
0.000296 469
0.000297 469
0.000298 469
0.000299 469
0.0003 469
0.000301 469
0.000302 469
0.000303 469
0.000304 469
0.000305 469
0.000306 469
0.000307 469
0.000308 469
0.000309 469
0.00031 469
0.000311 469
0.000312 469
0.000313 469
0.000314 469
0.000315 469
0.000316 469
0.000317 469
0.000318 469
0.000319 469
0.00032 469
0.000321 469
0.000322 469
0.000323 469
0.000324 469
0.000325 469
0.000326 469
0.000327 469
0.000328 469
0.000329 469
0.00033 469
0.000331 469
0.000332 469
0.000333 469
0.000334 469
0.000335 469
0.000336 469
0.000337 469
0.000338 469
0.000339 469
0.00034 469
0.000341 469
0.000342 469
0.000343 469
0.000344 469
0.000345 469
0.000346 469
0.000347 469
0.000348 469
0.000349 469
0.00035 469
0.000351 469
0.000352 469
0.000353 469
0.000354 469
0.000355 469
0.000356 469
0.000357 469
0.000358 469
0.000359 469
0.00036 469
0.000361 469
0.000362 469
0.000363 469
0.000364 469
0.000365 469
0.000366 469
0.000367 469
0.000368 469
0.000369 469
0.00037 469
0.000371 469
0.000372 469
0.000373 469
0.000374 469
0.000375 469
0.000376 469
0.000377 469
0.000378 469
0.000379 469
0.00038 469
0.000381 469
0.000382 469
0.000383 469
0.000384 469
0.000385 469
0.000386 469
0.000387 469
0.000388 469
0.000389 469
0.00039 469
0.000391 469
0.000392 469
0.000393 469
0.000394 469
0.000395 469
0.000396 469
0.000397 469
0.000398 469
0.000399 469
0.0004 469
0.000401 469
0.000402 469
0.000403 469
0.000404 469
0.000405 469
0.000406 469
0.000407 469
0.000408 469
0.000409 469
0.00041 469
0.000411 469
0.000412 469
0.000413 469
0.000414 469
0.000415 469
0.000416 469
0.000417 469
0.000418 469
0.000419 469
0.00042 469
0.000421 469
0.000422 469
0.000423 469
0.000424 469
0.000425 469
0.000426 469
0.000427 469
0.000428 469
0.000429 469
0.00043 469
0.000431 469
0.000432 469
0.000433 469
0.000434 469
0.000435 469
0.000436 469
0.000437 469
0.000438 469
0.000439 469
0.00044 469
0.000441 469
0.000442 469
0.000443 469
0.000444 469
0.000445 469
0.000446 469
0.000447 469
0.000448 469
0.000449 469
0.00045 469
0.000451 469
0.000452 469
0.000453 469
0.000454 469
0.000455 469
0.000456 469
0.000457 469
0.000458 469
0.000459 469
0.00046 469
0.000461 469
0.000462 469
0.000463 469
0.000464 469
0.000465 469
0.000466 469
0.000467 469
0.000468 469
0.000469 469
0.00047 469
0.000471 469
0.000472 469
0.000473 469
0.000474 469
0.000475 469
0.000476 469
0.000477 469
0.000478 469
0.000479 469
0.00048 469
0.000481 469
0.000482 469
0.000483 469
0.000484 469
0.000485 469
0.000486 469
0.000487 469
0.000488 469
0.000489 469
0.00049 469
0.000491 469
0.000492 469
0.000493 469
0.000494 469
0.000495 469
0.000496 469
0.000497 469
0.000498 469
0.000499 469
0.0005 469
0.000501 469
0.000502 469
0.000503 469
0.000504 469
0.000505 469
0.000506 469
0.000507 469
0.000508 469
0.000509 469
0.00051 469
0.000511 469
0.000512 469
0.000513 469
0.000514 469
0.000515 469
0.000516 469
0.000517 469
0.000518 469
0.000519 469
0.00052 469
0.000521 469
0.000522 469
0.000523 469
0.000524 469
0.000525 469
0.000526 469
0.000527 469
0.000528 469
0.000529 469
0.00053 469
0.000531 469
0.000532 469
0.000533 469
0.000534 469
0.000535 469
0.000536 469
0.000537 469
0.000538 469
0.000539 469
0.00054 469
0.000541 469
0.000542 469
0.000543 469
0.000544 469
0.000545 469
0.000546 469
0.000547 469
0.000548 469
0.000549 469
0.00055 469
0.000551 469
0.000552 469
0.000553 469
0.000554 469
0.000555 469
0.000556 469
0.000557 469
0.000558 469
0.000559 469
0.00056 469
0.000561 469
0.000562 469
0.000563 469
0.000564 469
0.000565 469
0.000566 469
0.000567 469
0.000568 469
0.000569 469
0.00057 469
0.000571 469
0.000572 469
0.000573 469
0.000574 469
0.000575 469
0.000576 469
0.000577 469
0.000578 469
0.000579 469
0.00058 469
0.000581 469
0.000582 469
0.000583 469
0.000584 469
0.000585 469
0.000586 469
0.000587 469
0.000588 469
0.000589 469
0.00059 469
0.000591 469
0.000592 469
0.000593 469
0.000594 469
0.000595 469
0.000596 469
0.000597 469
0.000598 469
0.000599 469
0.0006 469
0.000601 469
0.000602 469
0.000603 469
0.000604 469
0.000605 469
0.000606 469
0.000607 469
0.000608 469
0.000609 469
0.00061 469
0.000611 469
0.000612 469
0.000613 469
0.000614 469
0.000615 469
0.000616 469
0.000617 469
0.000618 469
0.000619 469
0.00062 469
0.000621 469
0.000622 469
0.000623 469
0.000624 469
0.000625 469
0.000626 469
0.000627 469
0.000628 469
0.000629 469
0.00063 469
0.000631 469
0.000632 469
0.000633 469
0.000634 469
0.000635 469
0.000636 469
0.000637 469
0.000638 469
0.000639 469
0.00064 469
0.000641 469
0.000642 469
0.000643 469
0.000644 469
0.000645 469
0.000646 469
0.000647 469
0.000648 469
0.000649 469
0.00065 469
0.000651 469
0.000652 469
0.000653 469
0.000654 469
0.000655 469
0.000656 469
0.000657 469
0.000658 469
0.000659 469
0.00066 469
0.000661 469
0.000662 469
0.000663 469
0.000664 469
0.000665 469
0.000666 469
0.000667 469
0.000668 469
0.000669 469
0.00067 469
0.000671 469
0.000672 469
0.000673 469
0.000674 469
0.000675 469
0.000676 469
0.000677 469
0.000678 469
0.000679 469
0.00068 469
0.000681 469
0.000682 469
0.000683 469
0.000684 469
0.000685 469
0.000686 469
0.000687 469
0.000688 469
0.000689 469
0.00069 469
0.000691 469
0.000692 469
0.000693 469
0.000694 469
0.000695 469
0.000696 469
0.000697 469
0.000698 469
0.000699 469
0.0007 469
0.000701 469
0.000702 469
0.000703 469
0.000704 469
0.000705 469
0.000706 469
0.000707 469
0.000708 469
0.000709 469
0.00071 469
0.000711 469
0.000712 469
0.000713 469
0.000714 469
0.000715 469
0.000716 469
0.000717 469
0.000718 469
0.000719 469
0.00072 469
0.000721 469
0.000722 469
0.000723 469
0.000724 469
0.000725 469
0.000726 469
0.000727 469
0.000728 469
0.000729 469
0.00073 469
0.000731 469
0.000732 469
0.000733 469
0.000734 469
0.000735 469
0.000736 469
0.000737 469
0.000738 469
0.000739 469
0.00074 469
0.000741 469
0.000742 469
0.000743 469
0.000744 469
0.000745 469
0.000746 469
0.000747 469
0.000748 469
0.000749 469
0.00075 469
0.000751 469
0.000752 469
0.000753 469
0.000754 469
0.000755 469
0.000756 469
0.000757 469
0.000758 469
0.000759 469
0.00076 469
0.000761 469
0.000762 469
0.000763 469
0.000764 469
0.000765 469
0.000766 469
0.000767 469
0.000768 469
0.000769 469
0.00077 469
0.000771 469
0.000772 469
0.000773 469
0.000774 469
0.000775 469
0.000776 469
0.000777 469
0.000778 469
0.000779 469
0.00078 469
0.000781 469
0.000782 469
0.000783 469
0.000784 469
0.000785 469
0.000786 469
0.000787 469
0.000788 469
0.000789 469
0.00079 469
0.000791 469
0.000792 469
0.000793 469
0.000794 469
0.000795 469
0.000796 469
0.000797 469
0.000798 469
0.000799 469
0.0008 469
0.000801 469
0.000802 469
0.000803 469
0.000804 469
0.000805 469
0.000806 469
0.000807 469
0.000808 469
0.000809 469
0.00081 469
0.000811 469
0.000812 469
0.000813 469
0.000814 469
0.000815 469
0.000816 469
0.000817 469
0.000818 469
0.000819 469
0.00082 469
0.000821 469
0.000822 469
0.000823 469
0.000824 469
0.000825 469
0.000826 469
0.000827 469
0.000828 469
0.000829 469
0.00083 469
0.000831 469
0.000832 469
0.000833 469
0.000834 469
0.000835 469
0.000836 469
0.000837 469
0.000838 469
0.000839 469
0.00084 469
0.000841 469
0.000842 469
0.000843 469
0.000844 469
0.000845 469
0.000846 469
0.000847 469
0.000848 469
0.000849 469
0.00085 469
0.000851 469
0.000852 469
0.000853 469
0.000854 469
0.000855 469
0.000856 469
0.000857 469
0.000858 469
0.000859 469
0.00086 469
0.000861 469
0.000862 469
0.000863 469
0.000864 469
0.000865 469
0.000866 469
0.000867 469
0.000868 469
0.000869 469
0.00087 469
0.000871 469
0.000872 469
0.000873 469
0.000874 469
0.000875 469
0.000876 469
0.000877 469
0.000878 469
0.000879 469
0.00088 469
0.000881 469
0.000882 469
0.000883 469
0.000884 469
0.000885 469
0.000886 469
0.000887 469
0.000888 469
0.000889 469
0.00089 469
0.000891 469
0.000892 469
0.000893 469
0.000894 469
0.000895 469
0.000896 469
0.000897 469
0.000898 469
0.000899 469
0.0009 469
0.000901 469
0.000902 469
0.000903 469
0.000904 469
0.000905 469
0.000906 469
0.000907 469
0.000908 469
0.000909 469
0.00091 469
0.000911 469
0.000912 469
0.000913 469
0.000914 469
0.000915 469
0.000916 469
0.000917 469
0.000918 469
0.000919 469
0.00092 469
0.000921 469
0.000922 469
0.000923 469
0.000924 469
0.000925 469
0.000926 469
0.000927 469
0.000928 469
0.000929 469
0.00093 469
0.000931 469
0.000932 469
0.000933 469
0.000934 469
0.000935 469
0.000936 469
0.000937 469
0.000938 469
0.000939 469
0.00094 469
0.000941 469
0.000942 469
0.000943 469
0.000944 469
0.000945 469
0.000946 469
0.000947 469
0.000948 469
0.000949 469
0.00095 469
0.000951 469
0.000952 469
0.000953 469
0.000954 469
0.000955 469
0.000956 469
0.000957 469
0.000958 469
0.000959 469
0.00096 469
0.000961 469
0.000962 469
0.000963 469
0.000964 469
0.000965 469
0.000966 469
0.000967 469
0.000968 469
0.000969 469
0.00097 469
0.000971 469
0.000972 469
0.000973 469
0.000974 469
0.000975 469
0.000976 469
0.000977 469
0.000978 469
0.000979 469
0.00098 469
0.000981 469
0.000982 469
0.000983 469
0.000984 469
0.000985 469
0.000986 469
0.000987 469
0.000988 469
0.000989 469
0.00099 469
0.000991 469
0.000992 469
0.000993 469
0.000994 469
0.000995 469
0.000996 469
0.000997 469
0.000998 469
0.000999 469
0.001 469
