0 0
1e-06 1
2e-06 4
3e-06 7
4e-06 9
5e-06 11
6e-06 12
7e-06 12
8e-06 13
9e-06 13
1e-05 13
1.1e-05 15
1.2e-05 15
1.3e-05 14
1.4e-05 13
1.5e-05 15
1.6e-05 15
1.7e-05 16
1.8e-05 16
1.9e-05 16
2e-05 15
2.1e-05 15
2.2e-05 16
2.3e-05 16
2.4e-05 16
2.5e-05 16
2.6e-05 16
2.7e-05 16
2.8e-05 16
2.9e-05 17
3e-05 17
3.1e-05 17
3.2e-05 18
3.3e-05 18
3.4e-05 18
3.5e-05 18
3.6e-05 18
3.7e-05 18
3.8e-05 18
3.9e-05 18
4e-05 18
4.1e-05 18
4.2e-05 18
4.3e-05 18
4.4e-05 18
4.5e-05 18
4.6e-05 18
4.7e-05 18
4.8e-05 18
4.9e-05 18
5e-05 18
5.1e-05 18
5.2e-05 18
5.3e-05 18
5.4e-05 18
5.5e-05 18
5.6e-05 18
5.7e-05 18
5.8e-05 18
5.9e-05 18
6e-05 18
6.1e-05 18
6.2e-05 18
6.3e-05 18
6.4e-05 18
6.5e-05 18
6.6e-05 18
6.7e-05 18
6.8e-05 18
6.9e-05 18
7e-05 18
7.1e-05 18
7.2e-05 18
7.3e-05 18
7.4e-05 18
7.5e-05 18
7.6e-05 18
7.7e-05 18
7.8e-05 18
7.9e-05 18
8e-05 18
8.1e-05 18
8.2e-05 18
8.3e-05 18
8.4e-05 18
8.5e-05 18
8.6e-05 18
8.7e-05 18
8.8e-05 18
8.9e-05 18
9e-05 18
9.1e-05 18
9.2e-05 18
9.3e-05 18
9.4e-05 18
9.5e-05 18
9.6e-05 18
9.7e-05 18
9.8e-05 18
9.9e-05 18
0.0001 18
0.000101 18
0.000102 18
0.000103 18
0.000104 18
0.000105 18
0.000106 18
0.000107 18
0.000108 18
0.000109 18
0.00011 18
0.000111 18
0.000112 18
0.000113 18
0.000114 18
0.000115 18
0.000116 18
0.000117 18
0.000118 18
0.000119 18
0.00012 18
0.000121 18
0.000122 18
0.000123 18
0.000124 18
0.000125 18
0.000126 18
0.000127 18
0.000128 18
0.000129 18
0.00013 18
0.000131 18
0.000132 18
0.000133 18
0.000134 18
0.000135 18
0.000136 18
0.000137 18
0.000138 18
0.000139 18
0.00014 18
0.000141 18
0.000142 18
0.000143 18
0.000144 18
0.000145 18
0.000146 18
0.000147 18
0.000148 18
0.000149 18
0.00015 17
0.000151 17
0.000152 17
0.000153 17
0.000154 17
0.000155 17
0.000156 17
0.000157 17
0.000158 17
0.000159 17
0.00016 17
0.000161 17
0.000162 17
0.000163 17
0.000164 17
0.000165 17
0.000166 17
0.000167 17
0.000168 17
0.000169 17
0.00017 17
0.000171 17
0.000172 17
0.000173 17
0.000174 17
0.000175 17
0.000176 17
0.000177 17
0.000178 17
0.000179 17
0.00018 17
0.000181 17
0.000182 17
0.000183 17
0.000184 17
0.000185 17
0.000186 17
0.000187 17
0.000188 17
0.000189 17
0.00019 17
0.000191 17
0.000192 17
0.000193 17
0.000194 17
0.000195 17
0.000196 17
0.000197 17
0.000198 17
0.000199 17
0.0002 17
0.000201 17
0.000202 17
0.000203 17
0.000204 17
0.000205 17
0.000206 17
0.000207 17
0.000208 17
0.000209 17
0.00021 17
0.000211 17
0.000212 17
0.000213 17
0.000214 17
0.000215 17
0.000216 17
0.000217 17
0.000218 17
0.000219 17
0.00022 17
0.000221 17
0.000222 17
0.000223 17
0.000224 17
0.000225 17
0.000226 17
0.000227 17
0.000228 17
0.000229 17
0.00023 17
0.000231 17
0.000232 17
0.000233 17
0.000234 17
0.000235 17
0.000236 17
0.000237 17
0.000238 17
0.000239 17
0.00024 17
0.000241 17
0.000242 17
0.000243 17
0.000244 17
0.000245 17
0.000246 17
0.000247 17
0.000248 17
0.000249 17
0.00025 17
0.000251 17
0.000252 17
0.000253 17
0.000254 17
0.000255 17
0.000256 17
0.000257 17
0.000258 17
0.000259 17
0.00026 17
0.000261 17
0.000262 17
0.000263 17
0.000264 17
0.000265 17
0.000266 17
0.000267 17
0.000268 17
0.000269 17
0.00027 17
0.000271 17
0.000272 17
0.000273 17
0.000274 17
0.000275 17
0.000276 17
0.000277 17
0.000278 17
0.000279 17
0.00028 17
0.000281 17
0.000282 17
0.000283 17
0.000284 17
0.000285 17
0.000286 17
0.000287 17
0.000288 17
0.000289 17
0.00029 17
0.000291 17
0.000292 17
0.000293 17
0.000294 17
0.000295 17
0.000296 17
0.000297 17
0.000298 17
0.000299 17
0.0003 17
0.000301 17
0.000302 17
0.000303 17
0.000304 17
0.000305 17
0.000306 17
0.000307 17
0.000308 17
0.000309 17
0.00031 17
0.000311 17
0.000312 17
0.000313 17
0.000314 17
0.000315 17
0.000316 17
0.000317 17
0.000318 17
0.000319 17
0.00032 17
0.000321 17
0.000322 17
0.000323 17
0.000324 17
0.000325 17
0.000326 17
0.000327 17
0.000328 17
0.000329 17
0.00033 17
0.000331 17
0.000332 17
0.000333 17
0.000334 17
0.000335 17
0.000336 17
0.000337 17
0.000338 17
0.000339 17
0.00034 17
0.000341 17
0.000342 17
0.000343 17
0.000344 17
0.000345 17
0.000346 17
0.000347 17
0.000348 17
0.000349 17
0.00035 17
0.000351 17
0.000352 17
0.000353 17
0.000354 17
0.000355 17
0.000356 17
0.000357 17
0.000358 17
0.000359 17
0.00036 17
0.000361 17
0.000362 17
0.000363 17
0.000364 17
0.000365 17
0.000366 17
0.000367 17
0.000368 17
0.000369 17
0.00037 17
0.000371 17
0.000372 17
0.000373 17
0.000374 17
0.000375 17
0.000376 17
0.000377 17
0.000378 17
0.000379 17
0.00038 17
0.000381 17
0.000382 17
0.000383 17
0.000384 17
0.000385 17
0.000386 17
0.000387 17
0.000388 17
0.000389 17
0.00039 17
0.000391 17
0.000392 17
0.000393 17
0.000394 17
0.000395 17
0.000396 17
0.000397 17
0.000398 17
0.000399 17
0.0004 17
0.000401 17
0.000402 17
0.000403 17
0.000404 17
0.000405 17
0.000406 17
0.000407 17
0.000408 17
0.000409 17
0.00041 17
0.000411 17
0.000412 17
0.000413 17
0.000414 17
0.000415 17
0.000416 17
0.000417 17
0.000418 17
0.000419 17
0.00042 17
0.000421 17
0.000422 17
0.000423 17
0.000424 17
0.000425 17
0.000426 17
0.000427 17
0.000428 17
0.000429 17
0.00043 17
0.000431 17
0.000432 17
0.000433 17
0.000434 17
0.000435 17
0.000436 17
0.000437 17
0.000438 17
0.000439 17
0.00044 17
0.000441 17
0.000442 17
0.000443 17
0.000444 17
0.000445 17
0.000446 17
0.000447 17
0.000448 17
0.000449 17
0.00045 17
0.000451 17
0.000452 17
0.000453 17
0.000454 17
0.000455 17
0.000456 17
0.000457 17
0.000458 17
0.000459 17
0.00046 17
0.000461 17
0.000462 17
0.000463 17
0.000464 17
0.000465 17
0.000466 17
0.000467 17
0.000468 17
0.000469 17
0.00047 17
0.000471 17
0.000472 17
0.000473 17
0.000474 17
0.000475 17
0.000476 17
0.000477 17
0.000478 17
0.000479 17
0.00048 17
0.000481 17
0.000482 17
0.000483 17
0.000484 17
0.000485 17
0.000486 17
0.000487 17
0.000488 17
0.000489 17
0.00049 17
0.000491 17
0.000492 17
0.000493 17
0.000494 17
0.000495 17
0.000496 17
0.000497 17
0.000498 17
0.000499 17
0.0005 17
0.000501 17
0.000502 17
0.000503 17
0.000504 17
0.000505 17
0.000506 17
0.000507 17
0.000508 17
0.000509 17
0.00051 17
0.000511 17
0.000512 17
0.000513 17
0.000514 17
0.000515 17
0.000516 17
0.000517 17
0.000518 17
0.000519 17
0.00052 17
0.000521 17
0.000522 17
0.000523 17
0.000524 17
0.000525 17
0.000526 17
0.000527 17
0.000528 17
0.000529 17
0.00053 17
0.000531 17
0.000532 17
0.000533 17
0.000534 17
0.000535 17
0.000536 17
0.000537 17
0.000538 17
0.000539 17
0.00054 17
0.000541 17
0.000542 17
0.000543 17
0.000544 17
0.000545 17
0.000546 17
0.000547 17
0.000548 17
0.000549 17
0.00055 17
0.000551 17
0.000552 17
0.000553 17
0.000554 17
0.000555 17
0.000556 17
0.000557 17
0.000558 17
0.000559 17
0.00056 17
0.000561 17
0.000562 17
0.000563 17
0.000564 17
0.000565 17
0.000566 17
0.000567 17
0.000568 17
0.000569 17
0.00057 17
0.000571 17
0.000572 17
0.000573 17
0.000574 17
0.000575 17
0.000576 17
0.000577 17
0.000578 17
0.000579 17
0.00058 17
0.000581 17
0.000582 17
0.000583 17
0.000584 17
0.000585 17
0.000586 17
0.000587 17
0.000588 17
0.000589 17
0.00059 17
0.000591 17
0.000592 17
0.000593 17
0.000594 17
0.000595 17
0.000596 17
0.000597 17
0.000598 17
0.000599 17
0.0006 17
0.000601 17
0.000602 17
0.000603 17
0.000604 17
0.000605 17
0.000606 17
0.000607 17
0.000608 17
0.000609 17
0.00061 17
0.000611 17
0.000612 17
0.000613 17
0.000614 17
0.000615 17
0.000616 17
0.000617 17
0.000618 17
0.000619 17
0.00062 17
0.000621 17
0.000622 17
0.000623 17
0.000624 17
0.000625 17
0.000626 17
0.000627 17
0.000628 17
0.000629 17
0.00063 17
0.000631 17
0.000632 17
0.000633 17
0.000634 17
0.000635 17
0.000636 17
0.000637 17
0.000638 17
0.000639 17
0.00064 17
0.000641 17
0.000642 17
0.000643 17
0.000644 17
0.000645 17
0.000646 17
0.000647 17
0.000648 17
0.000649 17
0.00065 17
0.000651 17
0.000652 17
0.000653 17
0.000654 17
0.000655 17
0.000656 17
0.000657 17
0.000658 17
0.000659 17
0.00066 17
0.000661 17
0.000662 17
0.000663 17
0.000664 17
0.000665 17
0.000666 17
0.000667 17
0.000668 17
0.000669 17
0.00067 17
0.000671 17
0.000672 17
0.000673 17
0.000674 17
0.000675 17
0.000676 17
0.000677 17
0.000678 17
0.000679 17
0.00068 17
0.000681 17
0.000682 17
0.000683 17
0.000684 17
0.000685 17
0.000686 17
0.000687 17
0.000688 17
0.000689 17
0.00069 17
0.000691 17
0.000692 17
0.000693 17
0.000694 17
0.000695 17
0.000696 17
0.000697 17
0.000698 17
0.000699 17
0.0007 17
0.000701 17
0.000702 17
0.000703 17
0.000704 17
0.000705 17
0.000706 17
0.000707 17
0.000708 17
0.000709 17
0.00071 17
0.000711 17
0.000712 17
0.000713 17
0.000714 17
0.000715 17
0.000716 17
0.000717 17
0.000718 17
0.000719 17
0.00072 17
0.000721 17
0.000722 17
0.000723 17
0.000724 17
0.000725 17
0.000726 17
0.000727 17
0.000728 17
0.000729 17
0.00073 17
0.000731 17
0.000732 17
0.000733 17
0.000734 17
0.000735 17
0.000736 17
0.000737 17
0.000738 17
0.000739 17
0.00074 17
0.000741 17
0.000742 17
0.000743 17
0.000744 17
0.000745 17
0.000746 17
0.000747 17
0.000748 17
0.000749 17
0.00075 17
0.000751 17
0.000752 17
0.000753 17
0.000754 17
0.000755 17
0.000756 17
0.000757 17
0.000758 17
0.000759 17
0.00076 17
0.000761 17
0.000762 17
0.000763 17
0.000764 17
0.000765 17
0.000766 17
0.000767 17
0.000768 17
0.000769 17
0.00077 17
0.000771 17
0.000772 17
0.000773 17
0.000774 17
0.000775 17
0.000776 17
0.000777 17
0.000778 17
0.000779 17
0.00078 17
0.000781 17
0.000782 17
0.000783 17
0.000784 17
0.000785 17
0.000786 17
0.000787 17
0.000788 17
0.000789 17
0.00079 17
0.000791 17
0.000792 17
0.000793 17
0.000794 17
0.000795 17
0.000796 17
0.000797 17
0.000798 17
0.000799 17
0.0008 17
0.000801 17
0.000802 17
0.000803 17
0.000804 17
0.000805 17
0.000806 17
0.000807 17
0.000808 17
0.000809 17
0.00081 17
0.000811 17
0.000812 17
0.000813 17
0.000814 17
0.000815 17
0.000816 17
0.000817 17
0.000818 17
0.000819 17
0.00082 17
0.000821 17
0.000822 17
0.000823 17
0.000824 17
0.000825 17
0.000826 17
0.000827 17
0.000828 17
0.000829 17
0.00083 17
0.000831 17
0.000832 17
0.000833 17
0.000834 17
0.000835 17
0.000836 17
0.000837 17
0.000838 17
0.000839 17
0.00084 17
0.000841 17
0.000842 17
0.000843 17
0.000844 17
0.000845 17
0.000846 17
0.000847 17
0.000848 17
0.000849 17
0.00085 17
0.000851 17
0.000852 17
0.000853 17
0.000854 17
0.000855 17
0.000856 17
0.000857 17
0.000858 17
0.000859 17
0.00086 17
0.000861 17
0.000862 17
0.000863 17
0.000864 17
0.000865 17
0.000866 17
0.000867 17
0.000868 17
0.000869 17
0.00087 17
0.000871 17
0.000872 17
0.000873 17
0.000874 17
0.000875 17
0.000876 17
0.000877 17
0.000878 17
0.000879 17
0.00088 17
0.000881 17
0.000882 17
0.000883 17
0.000884 17
0.000885 17
0.000886 17
0.000887 17
0.000888 17
0.000889 17
0.00089 17
0.000891 17
0.000892 17
0.000893 17
0.000894 17
0.000895 17
0.000896 17
0.000897 17
0.000898 17
0.000899 17
0.0009 17
0.000901 17
0.000902 17
0.000903 17
0.000904 17
0.000905 17
0.000906 17
0.000907 17
0.000908 17
0.000909 17
0.00091 17
0.000911 17
0.000912 17
0.000913 17
0.000914 17
0.000915 17
0.000916 17
0.000917 17
0.000918 17
0.000919 17
0.00092 17
0.000921 17
0.000922 17
0.000923 17
0.000924 17
0.000925 17
0.000926 17
0.000927 17
0.000928 17
0.000929 17
0.00093 17
0.000931 17
0.000932 17
0.000933 17
0.000934 17
0.000935 17
0.000936 17
0.000937 17
0.000938 17
0.000939 17
0.00094 17
0.000941 17
0.000942 17
0.000943 17
0.000944 17
0.000945 17
0.000946 17
0.000947 17
0.000948 17
0.000949 17
0.00095 17
0.000951 17
0.000952 17
0.000953 17
0.000954 17
0.000955 17
0.000956 17
0.000957 17
0.000958 17
0.000959 17
0.00096 17
0.000961 17
0.000962 17
0.000963 17
0.000964 17
0.000965 17
0.000966 17
0.000967 17
0.000968 17
0.000969 17
0.00097 17
0.000971 17
0.000972 17
0.000973 17
0.000974 17
0.000975 17
0.000976 17
0.000977 17
0.000978 17
0.000979 17
0.00098 17
0.000981 17
0.000982 17
0.000983 17
0.000984 17
0.000985 17
0.000986 17
0.000987 17
0.000988 17
0.000989 17
0.00099 17
0.000991 17
0.000992 17
0.000993 17
0.000994 17
0.000995 17
0.000996 17
0.000997 17
0.000998 17
0.000999 17
0.001 17
