0 500
1e-06 500
2e-06 500
3e-06 499
4e-06 499
5e-06 499
6e-06 498
7e-06 496
8e-06 496
9e-06 495
1e-05 494
1.1e-05 492
1.2e-05 492
1.3e-05 492
1.4e-05 492
1.5e-05 492
1.6e-05 492
1.7e-05 492
1.8e-05 491
1.9e-05 491
2e-05 489
2.1e-05 489
2.2e-05 489
2.3e-05 489
2.4e-05 488
2.5e-05 487
2.6e-05 487
2.7e-05 487
2.8e-05 487
2.9e-05 487
3e-05 487
3.1e-05 487
3.2e-05 487
3.3e-05 485
3.4e-05 485
3.5e-05 485
3.6e-05 485
3.7e-05 485
3.8e-05 485
3.9e-05 485
4e-05 484
4.1e-05 484
4.2e-05 484
4.3e-05 484
4.4e-05 483
4.5e-05 483
4.6e-05 483
4.7e-05 483
4.8e-05 483
4.9e-05 483
5e-05 483
5.1e-05 483
5.2e-05 483
5.3e-05 483
5.4e-05 483
5.5e-05 483
5.6e-05 483
5.7e-05 483
5.8e-05 483
5.9e-05 482
6e-05 482
6.1e-05 482
6.2e-05 482
6.3e-05 482
6.4e-05 481
6.5e-05 481
6.6e-05 481
6.7e-05 481
6.8e-05 481
6.9e-05 481
7e-05 481
7.1e-05 481
7.2e-05 481
7.3e-05 481
7.4e-05 481
7.5e-05 481
7.6e-05 481
7.7e-05 481
7.8e-05 481
7.9e-05 481
8e-05 481
8.1e-05 481
8.2e-05 480
8.3e-05 480
8.4e-05 480
8.5e-05 480
8.6e-05 480
8.7e-05 478
8.8e-05 478
8.9e-05 478
9e-05 478
9.1e-05 478
9.2e-05 478
9.3e-05 478
9.4e-05 478
9.5e-05 477
9.6e-05 477
9.7e-05 477
9.8e-05 477
9.9e-05 477
0.0001 477
0.000101 477
0.000102 477
0.000103 477
0.000104 477
0.000105 477
0.000106 477
0.000107 477
0.000108 477
0.000109 477
0.00011 477
0.000111 477
0.000112 477
0.000113 477
0.000114 477
0.000115 477
0.000116 477
0.000117 477
0.000118 477
0.000119 477
0.00012 477
0.000121 477
0.000122 477
0.000123 477
0.000124 477
0.000125 477
0.000126 477
0.000127 477
0.000128 477
0.000129 477
0.00013 477
0.000131 477
0.000132 477
0.000133 477
0.000134 477
0.000135 477
0.000136 477
0.000137 477
0.000138 477
0.000139 477
0.00014 477
0.000141 477
0.000142 477
0.000143 477
0.000144 477
0.000145 477
0.000146 477
0.000147 477
0.000148 477
0.000149 477
0.00015 477
0.000151 477
0.000152 476
0.000153 476
0.000154 475
0.000155 475
0.000156 475
0.000157 475
0.000158 475
0.000159 475
0.00016 475
0.000161 475
0.000162 475
0.000163 475
0.000164 475
0.000165 475
0.000166 475
0.000167 475
0.000168 475
0.000169 475
0.00017 475
0.000171 475
0.000172 475
0.000173 474
0.000174 474
0.000175 474
0.000176 474
0.000177 474
0.000178 474
0.000179 474
0.00018 474
0.000181 474
0.000182 474
0.000183 474
0.000184 474
0.000185 474
0.000186 474
0.000187 474
0.000188 474
0.000189 474
0.00019 474
0.000191 474
0.000192 474
0.000193 474
0.000194 474
0.000195 474
0.000196 474
0.000197 474
0.000198 474
0.000199 474
0.0002 474
0.000201 474
0.000202 474
0.000203 474
0.000204 474
0.000205 474
0.000206 474
0.000207 474
0.000208 474
0.000209 474
0.00021 474
0.000211 474
0.000212 474
0.000213 474
0.000214 474
0.000215 474
0.000216 474
0.000217 474
0.000218 474
0.000219 474
0.00022 474
0.000221 474
0.000222 474
0.000223 474
0.000224 474
0.000225 474
0.000226 474
0.000227 474
0.000228 474
0.000229 474
0.00023 474
0.000231 474
0.000232 474
0.000233 474
0.000234 474
0.000235 474
0.000236 474
0.000237 474
0.000238 474
0.000239 474
0.00024 474
0.000241 474
0.000242 474
0.000243 474
0.000244 474
0.000245 474
0.000246 474
0.000247 474
0.000248 474
0.000249 474
0.00025 474
0.000251 474
0.000252 474
0.000253 474
0.000254 474
0.000255 474
0.000256 474
0.000257 474
0.000258 474
0.000259 474
0.00026 474
0.000261 474
0.000262 474
0.000263 474
0.000264 474
0.000265 474
0.000266 474
0.000267 474
0.000268 474
0.000269 474
0.00027 474
0.000271 474
0.000272 474
0.000273 474
0.000274 474
0.000275 474
0.000276 474
0.000277 474
0.000278 474
0.000279 474
0.00028 474
0.000281 474
0.000282 474
0.000283 474
0.000284 474
0.000285 474
0.000286 474
0.000287 474
0.000288 474
0.000289 474
0.00029 474
0.000291 474
0.000292 474
0.000293 474
0.000294 474
0.000295 474
0.000296 474
0.000297 474
0.000298 474
0.000299 474
0.0003 474
0.000301 474
0.000302 474
0.000303 474
0.000304 474
0.000305 474
0.000306 474
0.000307 474
0.000308 474
0.000309 474
0.00031 474
0.000311 474
0.000312 474
0.000313 474
0.000314 474
0.000315 474
0.000316 474
0.000317 474
0.000318 474
0.000319 474
0.00032 474
0.000321 474
0.000322 474
0.000323 474
0.000324 474
0.000325 474
0.000326 474
0.000327 474
0.000328 474
0.000329 474
0.00033 474
0.000331 474
0.000332 474
0.000333 474
0.000334 474
0.000335 474
0.000336 474
0.000337 474
0.000338 474
0.000339 474
0.00034 474
0.000341 474
0.000342 474
0.000343 474
0.000344 474
0.000345 474
0.000346 474
0.000347 474
0.000348 474
0.000349 474
0.00035 474
0.000351 474
0.000352 474
0.000353 474
0.000354 474
0.000355 474
0.000356 474
0.000357 474
0.000358 474
0.000359 474
0.00036 474
0.000361 474
0.000362 474
0.000363 474
0.000364 474
0.000365 474
0.000366 474
0.000367 474
0.000368 474
0.000369 474
0.00037 474
0.000371 474
0.000372 474
0.000373 474
0.000374 474
0.000375 474
0.000376 474
0.000377 474
0.000378 474
0.000379 474
0.00038 474
0.000381 474
0.000382 474
0.000383 474
0.000384 474
0.000385 474
0.000386 474
0.000387 474
0.000388 474
0.000389 474
0.00039 474
0.000391 474
0.000392 474
0.000393 474
0.000394 474
0.000395 474
0.000396 474
0.000397 474
0.000398 474
0.000399 474
0.0004 474
0.000401 474
0.000402 474
0.000403 474
0.000404 474
0.000405 474
0.000406 474
0.000407 474
0.000408 474
0.000409 474
0.00041 474
0.000411 474
0.000412 474
0.000413 474
0.000414 474
0.000415 474
0.000416 474
0.000417 474
0.000418 474
0.000419 474
0.00042 474
0.000421 474
0.000422 474
0.000423 474
0.000424 474
0.000425 474
0.000426 474
0.000427 474
0.000428 474
0.000429 474
0.00043 474
0.000431 474
0.000432 474
0.000433 474
0.000434 474
0.000435 474
0.000436 474
0.000437 474
0.000438 474
0.000439 474
0.00044 474
0.000441 474
0.000442 474
0.000443 474
0.000444 474
0.000445 474
0.000446 474
0.000447 474
0.000448 474
0.000449 474
0.00045 474
0.000451 474
0.000452 474
0.000453 474
0.000454 474
0.000455 474
0.000456 474
0.000457 474
0.000458 474
0.000459 474
0.00046 474
0.000461 474
0.000462 474
0.000463 474
0.000464 474
0.000465 474
0.000466 474
0.000467 474
0.000468 474
0.000469 474
0.00047 474
0.000471 474
0.000472 474
0.000473 474
0.000474 474
0.000475 474
0.000476 474
0.000477 474
0.000478 474
0.000479 474
0.00048 474
0.000481 474
0.000482 474
0.000483 474
0.000484 474
0.000485 474
0.000486 474
0.000487 474
0.000488 474
0.000489 474
0.00049 474
0.000491 474
0.000492 474
0.000493 474
0.000494 474
0.000495 474
0.000496 474
0.000497 474
0.000498 474
0.000499 474
0.0005 474
0.000501 474
0.000502 474
0.000503 474
0.000504 474
0.000505 474
0.000506 474
0.000507 474
0.000508 474
0.000509 474
0.00051 474
0.000511 474
0.000512 474
0.000513 474
0.000514 474
0.000515 474
0.000516 474
0.000517 474
0.000518 474
0.000519 474
0.00052 474
0.000521 474
0.000522 474
0.000523 474
0.000524 474
0.000525 474
0.000526 474
0.000527 474
0.000528 474
0.000529 474
0.00053 474
0.000531 474
0.000532 474
0.000533 474
0.000534 474
0.000535 474
0.000536 474
0.000537 474
0.000538 474
0.000539 474
0.00054 474
0.000541 474
0.000542 474
0.000543 474
0.000544 474
0.000545 474
0.000546 474
0.000547 474
0.000548 474
0.000549 474
0.00055 474
0.000551 474
0.000552 474
0.000553 474
0.000554 474
0.000555 474
0.000556 474
0.000557 474
0.000558 474
0.000559 474
0.00056 474
0.000561 474
0.000562 474
0.000563 474
0.000564 474
0.000565 474
0.000566 474
0.000567 474
0.000568 474
0.000569 474
0.00057 474
0.000571 474
0.000572 474
0.000573 474
0.000574 474
0.000575 474
0.000576 474
0.000577 474
0.000578 474
0.000579 474
0.00058 474
0.000581 474
0.000582 474
0.000583 474
0.000584 474
0.000585 474
0.000586 474
0.000587 474
0.000588 474
0.000589 474
0.00059 474
0.000591 474
0.000592 474
0.000593 474
0.000594 474
0.000595 474
0.000596 474
0.000597 474
0.000598 474
0.000599 474
0.0006 474
0.000601 474
0.000602 474
0.000603 474
0.000604 474
0.000605 474
0.000606 474
0.000607 474
0.000608 474
0.000609 474
0.00061 474
0.000611 474
0.000612 474
0.000613 474
0.000614 474
0.000615 474
0.000616 474
0.000617 474
0.000618 474
0.000619 474
0.00062 474
0.000621 474
0.000622 474
0.000623 474
0.000624 474
0.000625 474
0.000626 474
0.000627 474
0.000628 474
0.000629 474
0.00063 474
0.000631 474
0.000632 474
0.000633 474
0.000634 474
0.000635 474
0.000636 474
0.000637 474
0.000638 474
0.000639 474
0.00064 474
0.000641 474
0.000642 474
0.000643 474
0.000644 474
0.000645 474
0.000646 474
0.000647 474
0.000648 474
0.000649 474
0.00065 474
0.000651 474
0.000652 474
0.000653 474
0.000654 474
0.000655 474
0.000656 474
0.000657 474
0.000658 474
0.000659 474
0.00066 474
0.000661 474
0.000662 474
0.000663 474
0.000664 474
0.000665 474
0.000666 474
0.000667 474
0.000668 474
0.000669 474
0.00067 474
0.000671 474
0.000672 474
0.000673 474
0.000674 474
0.000675 474
0.000676 474
0.000677 474
0.000678 474
0.000679 474
0.00068 474
0.000681 474
0.000682 474
0.000683 474
0.000684 474
0.000685 474
0.000686 474
0.000687 474
0.000688 474
0.000689 474
0.00069 474
0.000691 474
0.000692 474
0.000693 474
0.000694 474
0.000695 474
0.000696 474
0.000697 474
0.000698 474
0.000699 474
0.0007 474
0.000701 474
0.000702 474
0.000703 474
0.000704 474
0.000705 474
0.000706 474
0.000707 474
0.000708 474
0.000709 474
0.00071 474
0.000711 474
0.000712 474
0.000713 474
0.000714 474
0.000715 474
0.000716 474
0.000717 474
0.000718 474
0.000719 474
0.00072 474
0.000721 474
0.000722 474
0.000723 474
0.000724 474
0.000725 474
0.000726 474
0.000727 474
0.000728 474
0.000729 474
0.00073 474
0.000731 474
0.000732 474
0.000733 474
0.000734 474
0.000735 474
0.000736 474
0.000737 474
0.000738 474
0.000739 474
0.00074 474
0.000741 474
0.000742 474
0.000743 474
0.000744 474
0.000745 474
0.000746 474
0.000747 474
0.000748 474
0.000749 474
0.00075 474
0.000751 474
0.000752 474
0.000753 474
0.000754 474
0.000755 474
0.000756 474
0.000757 474
0.000758 474
0.000759 474
0.00076 474
0.000761 474
0.000762 474
0.000763 474
0.000764 474
0.000765 474
0.000766 474
0.000767 474
0.000768 474
0.000769 474
0.00077 474
0.000771 474
0.000772 474
0.000773 474
0.000774 474
0.000775 474
0.000776 474
0.000777 474
0.000778 474
0.000779 474
0.00078 474
0.000781 474
0.000782 474
0.000783 474
0.000784 474
0.000785 474
0.000786 474
0.000787 474
0.000788 474
0.000789 474
0.00079 474
0.000791 474
0.000792 474
0.000793 474
0.000794 474
0.000795 474
0.000796 474
0.000797 474
0.000798 474
0.000799 474
0.0008 474
0.000801 474
0.000802 474
0.000803 474
0.000804 474
0.000805 474
0.000806 474
0.000807 474
0.000808 474
0.000809 474
0.00081 474
0.000811 474
0.000812 474
0.000813 474
0.000814 474
0.000815 474
0.000816 474
0.000817 474
0.000818 474
0.000819 474
0.00082 474
0.000821 474
0.000822 474
0.000823 474
0.000824 474
0.000825 474
0.000826 474
0.000827 474
0.000828 474
0.000829 474
0.00083 474
0.000831 474
0.000832 474
0.000833 474
0.000834 474
0.000835 474
0.000836 474
0.000837 474
0.000838 474
0.000839 474
0.00084 474
0.000841 474
0.000842 474
0.000843 474
0.000844 474
0.000845 474
0.000846 474
0.000847 474
0.000848 474
0.000849 474
0.00085 474
0.000851 474
0.000852 474
0.000853 474
0.000854 474
0.000855 474
0.000856 474
0.000857 474
0.000858 474
0.000859 474
0.00086 474
0.000861 474
0.000862 474
0.000863 474
0.000864 474
0.000865 474
0.000866 474
0.000867 474
0.000868 474
0.000869 474
0.00087 474
0.000871 474
0.000872 474
0.000873 474
0.000874 474
0.000875 474
0.000876 474
0.000877 474
0.000878 474
0.000879 474
0.00088 474
0.000881 474
0.000882 474
0.000883 474
0.000884 474
0.000885 474
0.000886 474
0.000887 474
0.000888 474
0.000889 474
0.00089 474
0.000891 474
0.000892 474
0.000893 474
0.000894 474
0.000895 474
0.000896 474
0.000897 474
0.000898 474
0.000899 474
0.0009 474
0.000901 474
0.000902 474
0.000903 474
0.000904 474
0.000905 474
0.000906 474
0.000907 474
0.000908 474
0.000909 474
0.00091 474
0.000911 474
0.000912 474
0.000913 474
0.000914 474
0.000915 474
0.000916 474
0.000917 474
0.000918 474
0.000919 474
0.00092 474
0.000921 474
0.000922 474
0.000923 474
0.000924 474
0.000925 474
0.000926 474
0.000927 474
0.000928 474
0.000929 474
0.00093 474
0.000931 474
0.000932 474
0.000933 474
0.000934 474
0.000935 474
0.000936 474
0.000937 474
0.000938 474
0.000939 474
0.00094 474
0.000941 474
0.000942 474
0.000943 474
0.000944 474
0.000945 474
0.000946 474
0.000947 474
0.000948 474
0.000949 474
0.00095 474
0.000951 474
0.000952 474
0.000953 474
0.000954 474
0.000955 474
0.000956 474
0.000957 474
0.000958 474
0.000959 474
0.00096 474
0.000961 474
0.000962 474
0.000963 474
0.000964 474
0.000965 474
0.000966 474
0.000967 474
0.000968 474
0.000969 474
0.00097 474
0.000971 474
0.000972 474
0.000973 474
0.000974 474
0.000975 474
0.000976 474
0.000977 474
0.000978 474
0.000979 474
0.00098 474
0.000981 474
0.000982 474
0.000983 474
0.000984 474
0.000985 474
0.000986 474
0.000987 474
0.000988 474
0.000989 474
0.00099 474
0.000991 474
0.000992 474
0.000993 474
0.000994 474
0.000995 474
0.000996 474
0.000997 474
0.000998 474
0.000999 474
0.001 474
