0 35
1e-06 35
2e-06 35
3e-06 34
4e-06 34
5e-06 34
6e-06 33
7e-06 31
8e-06 31
9e-06 30
1e-05 29
1.1e-05 27
1.2e-05 27
1.3e-05 27
1.4e-05 27
1.5e-05 27
1.6e-05 27
1.7e-05 27
1.8e-05 26
1.9e-05 26
2e-05 25
2.1e-05 25
2.2e-05 25
2.3e-05 25
2.4e-05 24
2.5e-05 24
2.6e-05 24
2.7e-05 24
2.8e-05 24
2.9e-05 24
3e-05 24
3.1e-05 24
3.2e-05 24
3.3e-05 22
3.4e-05 22
3.5e-05 22
3.6e-05 22
3.7e-05 22
3.8e-05 22
3.9e-05 22
4e-05 21
4.1e-05 21
4.2e-05 21
4.3e-05 21
4.4e-05 20
4.5e-05 20
4.6e-05 20
4.7e-05 20
4.8e-05 20
4.9e-05 20
5e-05 20
5.1e-05 20
5.2e-05 20
5.3e-05 20
5.4e-05 20
5.5e-05 20
5.6e-05 20
5.7e-05 20
5.8e-05 20
5.9e-05 20
6e-05 20
6.1e-05 20
6.2e-05 20
6.3e-05 20
6.4e-05 19
6.5e-05 19
6.6e-05 19
6.7e-05 19
6.8e-05 19
6.9e-05 19
7e-05 19
7.1e-05 19
7.2e-05 19
7.3e-05 19
7.4e-05 19
7.5e-05 19
7.6e-05 19
7.7e-05 19
7.8e-05 19
7.9e-05 19
8e-05 19
8.1e-05 19
8.2e-05 19
8.3e-05 19
8.4e-05 19
8.5e-05 19
8.6e-05 19
8.7e-05 18
8.8e-05 18
8.9e-05 18
9e-05 18
9.1e-05 18
9.2e-05 18
9.3e-05 18
9.4e-05 18
9.5e-05 18
9.6e-05 18
9.7e-05 18
9.8e-05 18
9.9e-05 18
0.0001 18
0.000101 18
0.000102 18
0.000103 18
0.000104 18
0.000105 18
0.000106 18
0.000107 18
0.000108 18
0.000109 18
0.00011 18
0.000111 18
0.000112 18
0.000113 18
0.000114 18
0.000115 18
0.000116 18
0.000117 18
0.000118 18
0.000119 18
0.00012 18
0.000121 18
0.000122 18
0.000123 18
0.000124 18
0.000125 18
0.000126 18
0.000127 18
0.000128 18
0.000129 18
0.00013 18
0.000131 18
0.000132 18
0.000133 18
0.000134 18
0.000135 18
0.000136 18
0.000137 18
0.000138 18
0.000139 18
0.00014 18
0.000141 18
0.000142 18
0.000143 18
0.000144 18
0.000145 18
0.000146 18
0.000147 18
0.000148 18
0.000149 18
0.00015 18
0.000151 18
0.000152 17
0.000153 17
0.000154 16
0.000155 16
0.000156 16
0.000157 16
0.000158 16
0.000159 16
0.00016 16
0.000161 16
0.000162 16
0.000163 16
0.000164 16
0.000165 16
0.000166 16
0.000167 16
0.000168 16
0.000169 16
0.00017 16
0.000171 16
0.000172 16
0.000173 15
0.000174 15
0.000175 15
0.000176 15
0.000177 15
0.000178 15
0.000179 15
0.00018 15
0.000181 15
0.000182 15
0.000183 15
0.000184 15
0.000185 15
0.000186 15
0.000187 15
0.000188 15
0.000189 15
0.00019 15
0.000191 15
0.000192 15
0.000193 15
0.000194 15
0.000195 15
0.000196 15
0.000197 15
0.000198 15
0.000199 15
0.0002 15
0.000201 15
0.000202 15
0.000203 15
0.000204 15
0.000205 15
0.000206 15
0.000207 15
0.000208 15
0.000209 15
0.00021 15
0.000211 15
0.000212 15
0.000213 15
0.000214 15
0.000215 15
0.000216 15
0.000217 15
0.000218 15
0.000219 15
0.00022 15
0.000221 15
0.000222 15
0.000223 15
0.000224 15
0.000225 15
0.000226 15
0.000227 15
0.000228 15
0.000229 15
0.00023 15
0.000231 15
0.000232 15
0.000233 15
0.000234 15
0.000235 15
0.000236 15
0.000237 15
0.000238 15
0.000239 15
0.00024 15
0.000241 15
0.000242 15
0.000243 15
0.000244 15
0.000245 15
0.000246 15
0.000247 15
0.000248 15
0.000249 15
0.00025 15
0.000251 15
0.000252 15
0.000253 15
0.000254 15
0.000255 15
0.000256 15
0.000257 15
0.000258 15
0.000259 15
0.00026 15
0.000261 15
0.000262 15
0.000263 15
0.000264 15
0.000265 15
0.000266 15
0.000267 15
0.000268 15
0.000269 15
0.00027 15
0.000271 15
0.000272 15
0.000273 15
0.000274 15
0.000275 15
0.000276 15
0.000277 15
0.000278 15
0.000279 15
0.00028 15
0.000281 15
0.000282 15
0.000283 15
0.000284 15
0.000285 15
0.000286 15
0.000287 15
0.000288 15
0.000289 15
0.00029 15
0.000291 15
0.000292 15
0.000293 15
0.000294 15
0.000295 15
0.000296 15
0.000297 15
0.000298 15
0.000299 15
0.0003 15
0.000301 15
0.000302 15
0.000303 15
0.000304 15
0.000305 15
0.000306 15
0.000307 15
0.000308 15
0.000309 15
0.00031 15
0.000311 15
0.000312 15
0.000313 15
0.000314 15
0.000315 15
0.000316 15
0.000317 15
0.000318 15
0.000319 15
0.00032 15
0.000321 15
0.000322 15
0.000323 15
0.000324 15
0.000325 15
0.000326 15
0.000327 15
0.000328 15
0.000329 15
0.00033 15
0.000331 15
0.000332 15
0.000333 15
0.000334 15
0.000335 15
0.000336 15
0.000337 15
0.000338 15
0.000339 15
0.00034 15
0.000341 15
0.000342 15
0.000343 15
0.000344 15
0.000345 15
0.000346 15
0.000347 15
0.000348 15
0.000349 15
0.00035 15
0.000351 15
0.000352 15
0.000353 15
0.000354 15
0.000355 15
0.000356 15
0.000357 15
0.000358 15
0.000359 15
0.00036 15
0.000361 15
0.000362 15
0.000363 15
0.000364 15
0.000365 15
0.000366 15
0.000367 15
0.000368 15
0.000369 15
0.00037 15
0.000371 15
0.000372 15
0.000373 15
0.000374 15
0.000375 15
0.000376 15
0.000377 15
0.000378 15
0.000379 15
0.00038 15
0.000381 15
0.000382 15
0.000383 15
0.000384 15
0.000385 15
0.000386 15
0.000387 15
0.000388 15
0.000389 15
0.00039 15
0.000391 15
0.000392 15
0.000393 15
0.000394 15
0.000395 15
0.000396 15
0.000397 15
0.000398 15
0.000399 15
0.0004 15
0.000401 15
0.000402 15
0.000403 15
0.000404 15
0.000405 15
0.000406 15
0.000407 15
0.000408 15
0.000409 15
0.00041 15
0.000411 15
0.000412 15
0.000413 15
0.000414 15
0.000415 15
0.000416 15
0.000417 15
0.000418 15
0.000419 15
0.00042 15
0.000421 15
0.000422 15
0.000423 15
0.000424 15
0.000425 15
0.000426 15
0.000427 15
0.000428 15
0.000429 15
0.00043 15
0.000431 15
0.000432 15
0.000433 15
0.000434 15
0.000435 15
0.000436 15
0.000437 15
0.000438 15
0.000439 15
0.00044 15
0.000441 15
0.000442 15
0.000443 15
0.000444 15
0.000445 15
0.000446 15
0.000447 15
0.000448 15
0.000449 15
0.00045 15
0.000451 15
0.000452 15
0.000453 15
0.000454 15
0.000455 15
0.000456 15
0.000457 15
0.000458 15
0.000459 15
0.00046 15
0.000461 15
0.000462 15
0.000463 15
0.000464 15
0.000465 15
0.000466 15
0.000467 15
0.000468 15
0.000469 15
0.00047 15
0.000471 15
0.000472 15
0.000473 15
0.000474 15
0.000475 15
0.000476 15
0.000477 15
0.000478 15
0.000479 15
0.00048 15
0.000481 15
0.000482 15
0.000483 15
0.000484 15
0.000485 15
0.000486 15
0.000487 15
0.000488 15
0.000489 15
0.00049 15
0.000491 15
0.000492 15
0.000493 15
0.000494 15
0.000495 15
0.000496 15
0.000497 15
0.000498 15
0.000499 15
0.0005 15
0.000501 15
0.000502 15
0.000503 15
0.000504 15
0.000505 15
0.000506 15
0.000507 15
0.000508 15
0.000509 15
0.00051 15
0.000511 15
0.000512 15
0.000513 15
0.000514 15
0.000515 15
0.000516 15
0.000517 15
0.000518 15
0.000519 15
0.00052 15
0.000521 15
0.000522 15
0.000523 15
0.000524 15
0.000525 15
0.000526 15
0.000527 15
0.000528 15
0.000529 15
0.00053 15
0.000531 15
0.000532 15
0.000533 15
0.000534 15
0.000535 15
0.000536 15
0.000537 15
0.000538 15
0.000539 15
0.00054 15
0.000541 15
0.000542 15
0.000543 15
0.000544 15
0.000545 15
0.000546 15
0.000547 15
0.000548 15
0.000549 15
0.00055 15
0.000551 15
0.000552 15
0.000553 15
0.000554 15
0.000555 15
0.000556 15
0.000557 15
0.000558 15
0.000559 15
0.00056 15
0.000561 15
0.000562 15
0.000563 15
0.000564 15
0.000565 15
0.000566 15
0.000567 15
0.000568 15
0.000569 15
0.00057 15
0.000571 15
0.000572 15
0.000573 15
0.000574 15
0.000575 15
0.000576 15
0.000577 15
0.000578 15
0.000579 15
0.00058 15
0.000581 15
0.000582 15
0.000583 15
0.000584 15
0.000585 15
0.000586 15
0.000587 15
0.000588 15
0.000589 15
0.00059 15
0.000591 15
0.000592 15
0.000593 15
0.000594 15
0.000595 15
0.000596 15
0.000597 15
0.000598 15
0.000599 15
0.0006 15
0.000601 15
0.000602 15
0.000603 15
0.000604 15
0.000605 15
0.000606 15
0.000607 15
0.000608 15
0.000609 15
0.00061 15
0.000611 15
0.000612 15
0.000613 15
0.000614 15
0.000615 15
0.000616 15
0.000617 15
0.000618 15
0.000619 15
0.00062 15
0.000621 15
0.000622 15
0.000623 15
0.000624 15
0.000625 15
0.000626 15
0.000627 15
0.000628 15
0.000629 15
0.00063 15
0.000631 15
0.000632 15
0.000633 15
0.000634 15
0.000635 15
0.000636 15
0.000637 15
0.000638 15
0.000639 15
0.00064 15
0.000641 15
0.000642 15
0.000643 15
0.000644 15
0.000645 15
0.000646 15
0.000647 15
0.000648 15
0.000649 15
0.00065 15
0.000651 15
0.000652 15
0.000653 15
0.000654 15
0.000655 15
0.000656 15
0.000657 15
0.000658 15
0.000659 15
0.00066 15
0.000661 15
0.000662 15
0.000663 15
0.000664 15
0.000665 15
0.000666 15
0.000667 15
0.000668 15
0.000669 15
0.00067 15
0.000671 15
0.000672 15
0.000673 15
0.000674 15
0.000675 15
0.000676 15
0.000677 15
0.000678 15
0.000679 15
0.00068 15
0.000681 15
0.000682 15
0.000683 15
0.000684 15
0.000685 15
0.000686 15
0.000687 15
0.000688 15
0.000689 15
0.00069 15
0.000691 15
0.000692 15
0.000693 15
0.000694 15
0.000695 15
0.000696 15
0.000697 15
0.000698 15
0.000699 15
0.0007 15
0.000701 15
0.000702 15
0.000703 15
0.000704 15
0.000705 15
0.000706 15
0.000707 15
0.000708 15
0.000709 15
0.00071 15
0.000711 15
0.000712 15
0.000713 15
0.000714 15
0.000715 15
0.000716 15
0.000717 15
0.000718 15
0.000719 15
0.00072 15
0.000721 15
0.000722 15
0.000723 15
0.000724 15
0.000725 15
0.000726 15
0.000727 15
0.000728 15
0.000729 15
0.00073 15
0.000731 15
0.000732 15
0.000733 15
0.000734 15
0.000735 15
0.000736 15
0.000737 15
0.000738 15
0.000739 15
0.00074 15
0.000741 15
0.000742 15
0.000743 15
0.000744 15
0.000745 15
0.000746 15
0.000747 15
0.000748 15
0.000749 15
0.00075 15
0.000751 15
0.000752 15
0.000753 15
0.000754 15
0.000755 15
0.000756 15
0.000757 15
0.000758 15
0.000759 15
0.00076 15
0.000761 15
0.000762 15
0.000763 15
0.000764 15
0.000765 15
0.000766 15
0.000767 15
0.000768 15
0.000769 15
0.00077 15
0.000771 15
0.000772 15
0.000773 15
0.000774 15
0.000775 15
0.000776 15
0.000777 15
0.000778 15
0.000779 15
0.00078 15
0.000781 15
0.000782 15
0.000783 15
0.000784 15
0.000785 15
0.000786 15
0.000787 15
0.000788 15
0.000789 15
0.00079 15
0.000791 15
0.000792 15
0.000793 15
0.000794 15
0.000795 15
0.000796 15
0.000797 15
0.000798 15
0.000799 15
0.0008 15
0.000801 15
0.000802 15
0.000803 15
0.000804 15
0.000805 15
0.000806 15
0.000807 15
0.000808 15
0.000809 15
0.00081 15
0.000811 15
0.000812 15
0.000813 15
0.000814 15
0.000815 15
0.000816 15
0.000817 15
0.000818 15
0.000819 15
0.00082 15
0.000821 15
0.000822 15
0.000823 15
0.000824 15
0.000825 15
0.000826 15
0.000827 15
0.000828 15
0.000829 15
0.00083 15
0.000831 15
0.000832 15
0.000833 15
0.000834 15
0.000835 15
0.000836 15
0.000837 15
0.000838 15
0.000839 15
0.00084 15
0.000841 15
0.000842 15
0.000843 15
0.000844 15
0.000845 15
0.000846 15
0.000847 15
0.000848 15
0.000849 15
0.00085 15
0.000851 15
0.000852 15
0.000853 15
0.000854 15
0.000855 15
0.000856 15
0.000857 15
0.000858 15
0.000859 15
0.00086 15
0.000861 15
0.000862 15
0.000863 15
0.000864 15
0.000865 15
0.000866 15
0.000867 15
0.000868 15
0.000869 15
0.00087 15
0.000871 15
0.000872 15
0.000873 15
0.000874 15
0.000875 15
0.000876 15
0.000877 15
0.000878 15
0.000879 15
0.00088 15
0.000881 15
0.000882 15
0.000883 15
0.000884 15
0.000885 15
0.000886 15
0.000887 15
0.000888 15
0.000889 15
0.00089 15
0.000891 15
0.000892 15
0.000893 15
0.000894 15
0.000895 15
0.000896 15
0.000897 15
0.000898 15
0.000899 15
0.0009 15
0.000901 15
0.000902 15
0.000903 15
0.000904 15
0.000905 15
0.000906 15
0.000907 15
0.000908 15
0.000909 15
0.00091 15
0.000911 15
0.000912 15
0.000913 15
0.000914 15
0.000915 15
0.000916 15
0.000917 15
0.000918 15
0.000919 15
0.00092 15
0.000921 15
0.000922 15
0.000923 15
0.000924 15
0.000925 15
0.000926 15
0.000927 15
0.000928 15
0.000929 15
0.00093 15
0.000931 15
0.000932 15
0.000933 15
0.000934 15
0.000935 15
0.000936 15
0.000937 15
0.000938 15
0.000939 15
0.00094 15
0.000941 15
0.000942 15
0.000943 15
0.000944 15
0.000945 15
0.000946 15
0.000947 15
0.000948 15
0.000949 15
0.00095 15
0.000951 15
0.000952 15
0.000953 15
0.000954 15
0.000955 15
0.000956 15
0.000957 15
0.000958 15
0.000959 15
0.00096 15
0.000961 15
0.000962 15
0.000963 15
0.000964 15
0.000965 15
0.000966 15
0.000967 15
0.000968 15
0.000969 15
0.00097 15
0.000971 15
0.000972 15
0.000973 15
0.000974 15
0.000975 15
0.000976 15
0.000977 15
0.000978 15
0.000979 15
0.00098 15
0.000981 15
0.000982 15
0.000983 15
0.000984 15
0.000985 15
0.000986 15
0.000987 15
0.000988 15
0.000989 15
0.00099 15
0.000991 15
0.000992 15
0.000993 15
0.000994 15
0.000995 15
0.000996 15
0.000997 15
0.000998 15
0.000999 15
0.001 15
