0 500
1e-06 448
2e-06 448
3e-06 447
4e-06 447
5e-06 447
6e-06 447
7e-06 446
8e-06 446
9e-06 445
1e-05 445
1.1e-05 445
1.2e-05 445
1.3e-05 445
1.4e-05 445
1.5e-05 445
1.6e-05 445
1.7e-05 445
1.8e-05 445
1.9e-05 445
2e-05 445
2.1e-05 445
2.2e-05 445
2.3e-05 445
2.4e-05 445
2.5e-05 445
2.6e-05 445
2.7e-05 445
2.8e-05 445
2.9e-05 445
3e-05 445
3.1e-05 444
3.2e-05 444
3.3e-05 444
3.4e-05 444
3.5e-05 444
3.6e-05 444
3.7e-05 444
3.8e-05 444
3.9e-05 444
4e-05 444
4.1e-05 444
4.2e-05 444
4.3e-05 444
4.4e-05 444
4.5e-05 444
4.6e-05 444
4.7e-05 444
4.8e-05 444
4.9e-05 444
5e-05 444
5.1e-05 444
5.2e-05 444
5.3e-05 444
5.4e-05 444
5.5e-05 444
5.6e-05 444
5.7e-05 444
5.8e-05 444
5.9e-05 444
6e-05 444
6.1e-05 444
6.2e-05 444
6.3e-05 444
6.4e-05 444
6.5e-05 444
6.6e-05 444
6.7e-05 444
6.8e-05 444
6.9e-05 444
7e-05 444
7.1e-05 443
7.2e-05 443
7.3e-05 443
7.4e-05 443
7.5e-05 443
7.6e-05 443
7.7e-05 443
7.8e-05 443
7.9e-05 443
8e-05 443
8.1e-05 443
8.2e-05 443
8.3e-05 443
8.4e-05 443
8.5e-05 443
8.6e-05 443
8.7e-05 443
8.8e-05 443
8.9e-05 443
9e-05 443
9.1e-05 443
9.2e-05 443
9.3e-05 443
9.4e-05 443
9.5e-05 443
9.6e-05 443
9.7e-05 443
9.8e-05 443
9.9e-05 443
0.0001 443
0.000101 443
0.000102 443
0.000103 443
0.000104 443
0.000105 443
0.000106 443
0.000107 443
0.000108 443
0.000109 443
0.00011 443
0.000111 443
0.000112 443
0.000113 443
0.000114 443
0.000115 443
0.000116 443
0.000117 442
0.000118 442
0.000119 442
0.00012 442
0.000121 442
0.000122 442
0.000123 442
0.000124 442
0.000125 442
0.000126 442
0.000127 442
0.000128 442
0.000129 442
0.00013 442
0.000131 442
0.000132 442
0.000133 442
0.000134 442
0.000135 442
0.000136 442
0.000137 442
0.000138 442
0.000139 442
0.00014 442
0.000141 442
0.000142 442
0.000143 442
0.000144 442
0.000145 442
0.000146 442
0.000147 442
0.000148 442
0.000149 442
0.00015 442
0.000151 442
0.000152 442
0.000153 442
0.000154 442
0.000155 442
0.000156 442
0.000157 442
0.000158 442
0.000159 442
0.00016 442
0.000161 442
0.000162 442
0.000163 442
0.000164 442
0.000165 442
0.000166 442
0.000167 442
0.000168 442
0.000169 442
0.00017 442
0.000171 442
0.000172 442
0.000173 442
0.000174 442
0.000175 442
0.000176 442
0.000177 442
0.000178 442
0.000179 442
0.00018 442
0.000181 442
0.000182 442
0.000183 442
0.000184 442
0.000185 442
0.000186 442
0.000187 442
0.000188 442
0.000189 442
0.00019 442
0.000191 442
0.000192 442
0.000193 442
0.000194 442
0.000195 442
0.000196 442
0.000197 442
0.000198 442
0.000199 442
0.0002 442
0.000201 442
0.000202 442
0.000203 442
0.000204 442
0.000205 442
0.000206 442
0.000207 442
0.000208 442
0.000209 442
0.00021 442
0.000211 442
0.000212 442
0.000213 442
0.000214 442
0.000215 442
0.000216 442
0.000217 442
0.000218 442
0.000219 442
0.00022 442
0.000221 442
0.000222 442
0.000223 442
0.000224 442
0.000225 442
0.000226 442
0.000227 442
0.000228 442
0.000229 442
0.00023 442
0.000231 442
0.000232 442
0.000233 442
0.000234 442
0.000235 442
0.000236 442
0.000237 442
0.000238 442
0.000239 442
0.00024 442
0.000241 442
0.000242 442
0.000243 442
0.000244 442
0.000245 442
0.000246 442
0.000247 442
0.000248 442
0.000249 442
0.00025 442
0.000251 442
0.000252 442
0.000253 442
0.000254 442
0.000255 442
0.000256 442
0.000257 442
0.000258 442
0.000259 442
0.00026 442
0.000261 442
0.000262 442
0.000263 442
0.000264 442
0.000265 442
0.000266 442
0.000267 442
0.000268 442
0.000269 442
0.00027 442
0.000271 442
0.000272 442
0.000273 442
0.000274 442
0.000275 442
0.000276 442
0.000277 442
0.000278 442
0.000279 442
0.00028 442
0.000281 442
0.000282 442
0.000283 442
0.000284 442
0.000285 442
0.000286 442
0.000287 442
0.000288 442
0.000289 442
0.00029 442
0.000291 442
0.000292 442
0.000293 442
0.000294 442
0.000295 442
0.000296 442
0.000297 442
0.000298 442
0.000299 442
0.0003 442
0.000301 442
0.000302 442
0.000303 442
0.000304 442
0.000305 442
0.000306 442
0.000307 442
0.000308 442
0.000309 442
0.00031 442
0.000311 442
0.000312 442
0.000313 442
0.000314 442
0.000315 442
0.000316 442
0.000317 442
0.000318 442
0.000319 442
0.00032 442
0.000321 442
0.000322 442
0.000323 442
0.000324 442
0.000325 442
0.000326 442
0.000327 442
0.000328 442
0.000329 442
0.00033 442
0.000331 442
0.000332 442
0.000333 442
0.000334 442
0.000335 442
0.000336 442
0.000337 442
0.000338 442
0.000339 442
0.00034 442
0.000341 442
0.000342 442
0.000343 442
0.000344 442
0.000345 442
0.000346 442
0.000347 442
0.000348 442
0.000349 442
0.00035 442
0.000351 442
0.000352 442
0.000353 442
0.000354 442
0.000355 442
0.000356 442
0.000357 442
0.000358 442
0.000359 442
0.00036 442
0.000361 442
0.000362 442
0.000363 442
0.000364 442
0.000365 442
0.000366 442
0.000367 442
0.000368 442
0.000369 442
0.00037 442
0.000371 442
0.000372 442
0.000373 442
0.000374 442
0.000375 442
0.000376 442
0.000377 442
0.000378 442
0.000379 442
0.00038 442
0.000381 442
0.000382 442
0.000383 442
0.000384 442
0.000385 442
0.000386 442
0.000387 442
0.000388 442
0.000389 442
0.00039 442
0.000391 442
0.000392 442
0.000393 442
0.000394 442
0.000395 442
0.000396 442
0.000397 442
0.000398 442
0.000399 442
0.0004 442
0.000401 442
0.000402 442
0.000403 442
0.000404 442
0.000405 442
0.000406 442
0.000407 442
0.000408 442
0.000409 442
0.00041 442
0.000411 442
0.000412 442
0.000413 442
0.000414 442
0.000415 442
0.000416 442
0.000417 442
0.000418 442
0.000419 442
0.00042 442
0.000421 442
0.000422 442
0.000423 442
0.000424 442
0.000425 442
0.000426 442
0.000427 442
0.000428 442
0.000429 442
0.00043 442
0.000431 442
0.000432 442
0.000433 442
0.000434 442
0.000435 442
0.000436 442
0.000437 442
0.000438 442
0.000439 442
0.00044 442
0.000441 442
0.000442 442
0.000443 442
0.000444 442
0.000445 442
0.000446 442
0.000447 442
0.000448 442
0.000449 442
0.00045 442
0.000451 442
0.000452 442
0.000453 442
0.000454 442
0.000455 442
0.000456 442
0.000457 442
0.000458 442
0.000459 442
0.00046 442
0.000461 442
0.000462 442
0.000463 442
0.000464 442
0.000465 442
0.000466 442
0.000467 442
0.000468 442
0.000469 442
0.00047 442
0.000471 442
0.000472 442
0.000473 442
0.000474 442
0.000475 442
0.000476 442
0.000477 442
0.000478 442
0.000479 442
0.00048 442
0.000481 442
0.000482 442
0.000483 442
0.000484 442
0.000485 442
0.000486 442
0.000487 442
0.000488 442
0.000489 442
0.00049 442
0.000491 442
0.000492 442
0.000493 442
0.000494 442
0.000495 442
0.000496 442
0.000497 442
0.000498 442
0.000499 442
0.0005 442
0.000501 442
0.000502 442
0.000503 442
0.000504 442
0.000505 442
0.000506 442
0.000507 442
0.000508 442
0.000509 442
0.00051 442
0.000511 442
0.000512 442
0.000513 442
0.000514 442
0.000515 442
0.000516 442
0.000517 442
0.000518 442
0.000519 442
0.00052 442
0.000521 442
0.000522 442
0.000523 442
0.000524 442
0.000525 442
0.000526 442
0.000527 442
0.000528 442
0.000529 442
0.00053 442
0.000531 442
0.000532 442
0.000533 442
0.000534 442
0.000535 442
0.000536 442
0.000537 442
0.000538 442
0.000539 442
0.00054 442
0.000541 442
0.000542 442
0.000543 442
0.000544 442
0.000545 442
0.000546 442
0.000547 442
0.000548 442
0.000549 442
0.00055 442
0.000551 442
0.000552 442
0.000553 442
0.000554 442
0.000555 442
0.000556 442
0.000557 442
0.000558 442
0.000559 442
0.00056 442
0.000561 442
0.000562 442
0.000563 442
0.000564 442
0.000565 442
0.000566 442
0.000567 442
0.000568 442
0.000569 442
0.00057 442
0.000571 442
0.000572 442
0.000573 442
0.000574 442
0.000575 442
0.000576 442
0.000577 442
0.000578 442
0.000579 442
0.00058 442
0.000581 442
0.000582 442
0.000583 442
0.000584 442
0.000585 442
0.000586 442
0.000587 442
0.000588 442
0.000589 442
0.00059 442
0.000591 442
0.000592 442
0.000593 442
0.000594 442
0.000595 442
0.000596 442
0.000597 442
0.000598 442
0.000599 442
0.0006 442
0.000601 442
0.000602 442
0.000603 442
0.000604 442
0.000605 442
0.000606 442
0.000607 442
0.000608 442
0.000609 442
0.00061 442
0.000611 442
0.000612 442
0.000613 442
0.000614 442
0.000615 442
0.000616 442
0.000617 442
0.000618 442
0.000619 442
0.00062 442
0.000621 442
0.000622 442
0.000623 442
0.000624 442
0.000625 442
0.000626 442
0.000627 442
0.000628 442
0.000629 442
0.00063 442
0.000631 442
0.000632 442
0.000633 442
0.000634 442
0.000635 442
0.000636 442
0.000637 442
0.000638 442
0.000639 442
0.00064 442
0.000641 442
0.000642 442
0.000643 442
0.000644 442
0.000645 442
0.000646 442
0.000647 442
0.000648 442
0.000649 442
0.00065 442
0.000651 442
0.000652 442
0.000653 442
0.000654 442
0.000655 442
0.000656 442
0.000657 442
0.000658 442
0.000659 442
0.00066 442
0.000661 442
0.000662 442
0.000663 442
0.000664 442
0.000665 442
0.000666 442
0.000667 442
0.000668 442
0.000669 442
0.00067 442
0.000671 442
0.000672 442
0.000673 442
0.000674 442
0.000675 442
0.000676 442
0.000677 442
0.000678 442
0.000679 442
0.00068 442
0.000681 442
0.000682 442
0.000683 442
0.000684 442
0.000685 442
0.000686 442
0.000687 442
0.000688 442
0.000689 442
0.00069 442
0.000691 442
0.000692 442
0.000693 442
0.000694 442
0.000695 442
0.000696 442
0.000697 442
0.000698 442
0.000699 442
0.0007 442
0.000701 442
0.000702 442
0.000703 442
0.000704 442
0.000705 442
0.000706 442
0.000707 442
0.000708 442
0.000709 442
0.00071 442
0.000711 442
0.000712 442
0.000713 442
0.000714 442
0.000715 442
0.000716 442
0.000717 442
0.000718 442
0.000719 442
0.00072 442
0.000721 442
0.000722 442
0.000723 442
0.000724 442
0.000725 442
0.000726 442
0.000727 442
0.000728 442
0.000729 442
0.00073 442
0.000731 442
0.000732 442
0.000733 442
0.000734 442
0.000735 442
0.000736 442
0.000737 442
0.000738 442
0.000739 442
0.00074 442
0.000741 442
0.000742 442
0.000743 442
0.000744 442
0.000745 442
0.000746 442
0.000747 442
0.000748 442
0.000749 442
0.00075 442
0.000751 442
0.000752 442
0.000753 442
0.000754 442
0.000755 442
0.000756 442
0.000757 442
0.000758 442
0.000759 442
0.00076 442
0.000761 442
0.000762 442
0.000763 442
0.000764 442
0.000765 442
0.000766 442
0.000767 442
0.000768 442
0.000769 442
0.00077 442
0.000771 442
0.000772 442
0.000773 442
0.000774 442
0.000775 442
0.000776 442
0.000777 442
0.000778 442
0.000779 442
0.00078 442
0.000781 442
0.000782 442
0.000783 442
0.000784 442
0.000785 442
0.000786 442
0.000787 442
0.000788 442
0.000789 442
0.00079 442
0.000791 442
0.000792 442
0.000793 442
0.000794 442
0.000795 442
0.000796 442
0.000797 442
0.000798 442
0.000799 442
0.0008 442
0.000801 442
0.000802 442
0.000803 442
0.000804 442
0.000805 442
0.000806 442
0.000807 442
0.000808 442
0.000809 442
0.00081 442
0.000811 442
0.000812 442
0.000813 442
0.000814 442
0.000815 442
0.000816 442
0.000817 442
0.000818 442
0.000819 442
0.00082 442
0.000821 442
0.000822 442
0.000823 442
0.000824 442
0.000825 442
0.000826 442
0.000827 442
0.000828 442
0.000829 442
0.00083 442
0.000831 442
0.000832 442
0.000833 442
0.000834 442
0.000835 442
0.000836 442
0.000837 442
0.000838 442
0.000839 442
0.00084 442
0.000841 442
0.000842 442
0.000843 442
0.000844 442
0.000845 442
0.000846 442
0.000847 442
0.000848 442
0.000849 442
0.00085 442
0.000851 442
0.000852 442
0.000853 442
0.000854 442
0.000855 442
0.000856 442
0.000857 442
0.000858 442
0.000859 442
0.00086 442
0.000861 442
0.000862 442
0.000863 442
0.000864 442
0.000865 442
0.000866 442
0.000867 442
0.000868 442
0.000869 442
0.00087 442
0.000871 442
0.000872 442
0.000873 442
0.000874 442
0.000875 442
0.000876 442
0.000877 442
0.000878 442
0.000879 442
0.00088 442
0.000881 442
0.000882 442
0.000883 442
0.000884 442
0.000885 442
0.000886 442
0.000887 442
0.000888 442
0.000889 442
0.00089 442
0.000891 442
0.000892 442
0.000893 442
0.000894 442
0.000895 442
0.000896 442
0.000897 442
0.000898 442
0.000899 442
0.0009 442
0.000901 442
0.000902 442
0.000903 442
0.000904 442
0.000905 442
0.000906 442
0.000907 442
0.000908 442
0.000909 442
0.00091 442
0.000911 442
0.000912 442
0.000913 442
0.000914 442
0.000915 442
0.000916 442
0.000917 442
0.000918 442
0.000919 442
0.00092 442
0.000921 442
0.000922 442
0.000923 442
0.000924 442
0.000925 442
0.000926 442
0.000927 442
0.000928 442
0.000929 442
0.00093 442
0.000931 442
0.000932 442
0.000933 442
0.000934 442
0.000935 442
0.000936 442
0.000937 442
0.000938 442
0.000939 442
0.00094 442
0.000941 442
0.000942 442
0.000943 442
0.000944 442
0.000945 442
0.000946 442
0.000947 442
0.000948 442
0.000949 442
0.00095 442
0.000951 442
0.000952 442
0.000953 442
0.000954 442
0.000955 442
0.000956 442
0.000957 442
0.000958 442
0.000959 442
0.00096 442
0.000961 442
0.000962 442
0.000963 442
0.000964 442
0.000965 442
0.000966 442
0.000967 442
0.000968 442
0.000969 442
0.00097 442
0.000971 442
0.000972 442
0.000973 442
0.000974 442
0.000975 442
0.000976 442
0.000977 442
0.000978 442
0.000979 442
0.00098 442
0.000981 442
0.000982 442
0.000983 442
0.000984 442
0.000985 442
0.000986 442
0.000987 442
0.000988 442
0.000989 442
0.00099 442
0.000991 442
0.000992 442
0.000993 442
0.000994 442
0.000995 442
0.000996 442
0.000997 442
0.000998 442
0.000999 442
0.001 442
