0 500
1e-06 437
2e-06 411
3e-06 406
4e-06 399
5e-06 386
6e-06 376
7e-06 369
8e-06 355
9e-06 351
1e-05 345
1.1e-05 337
1.2e-05 331
1.3e-05 324
1.4e-05 310
1.5e-05 297
1.6e-05 292
1.7e-05 289
1.8e-05 286
1.9e-05 278
2e-05 276
2.1e-05 266
2.2e-05 260
2.3e-05 254
2.4e-05 246
2.5e-05 246
2.6e-05 237
2.7e-05 234
2.8e-05 227
2.9e-05 226
3e-05 221
3.1e-05 214
3.2e-05 210
3.3e-05 200
3.4e-05 202
3.5e-05 193
3.6e-05 197
3.7e-05 190
3.8e-05 188
3.9e-05 178
4e-05 181
4.1e-05 180
4.2e-05 179
4.3e-05 171
4.4e-05 167
4.5e-05 161
4.6e-05 156
4.7e-05 155
4.8e-05 151
4.9e-05 151
5e-05 148
5.1e-05 148
5.2e-05 147
5.3e-05 145
5.4e-05 145
5.5e-05 145
5.6e-05 143
5.7e-05 141
5.8e-05 139
5.9e-05 139
6e-05 137
6.1e-05 135
6.2e-05 135
6.3e-05 133
6.4e-05 132
6.5e-05 130
6.6e-05 128
6.7e-05 128
6.8e-05 126
6.9e-05 127
7e-05 127
7.1e-05 124
7.2e-05 123
7.3e-05 123
7.4e-05 121
7.5e-05 120
7.6e-05 119
7.7e-05 119
7.8e-05 119
7.9e-05 118
8e-05 118
8.1e-05 117
8.2e-05 117
8.3e-05 116
8.4e-05 115
8.5e-05 114
8.6e-05 114
8.7e-05 112
8.8e-05 113
8.9e-05 112
9e-05 110
9.1e-05 109
9.2e-05 108
9.3e-05 108
9.4e-05 109
9.5e-05 108
9.6e-05 106
9.7e-05 105
9.8e-05 106
9.9e-05 104
0.0001 104
0.000101 106
0.000102 104
0.000103 104
0.000104 102
0.000105 101
0.000106 101
0.000107 100
0.000108 101
0.000109 100
0.00011 99
0.000111 98
0.000112 98
0.000113 98
0.000114 97
0.000115 98
0.000116 97
0.000117 96
0.000118 96
0.000119 96
0.00012 96
0.000121 96
0.000122 94
0.000123 93
0.000124 93
0.000125 93
0.000126 93
0.000127 93
0.000128 93
0.000129 94
0.00013 93
0.000131 91
0.000132 92
0.000133 91
0.000134 91
0.000135 91
0.000136 92
0.000137 92
0.000138 91
0.000139 91
0.00014 91
0.000141 90
0.000142 90
0.000143 89
0.000144 89
0.000145 88
0.000146 88
0.000147 89
0.000148 89
0.000149 88
0.00015 88
0.000151 88
0.000152 88
0.000153 88
0.000154 89
0.000155 89
0.000156 88
0.000157 88
0.000158 88
0.000159 88
0.00016 88
0.000161 89
0.000162 88
0.000163 89
0.000164 89
0.000165 90
0.000166 90
0.000167 90
0.000168 90
0.000169 90
0.00017 90
0.000171 89
0.000172 90
0.000173 89
0.000174 89
0.000175 89
0.000176 89
0.000177 89
0.000178 88
0.000179 88
0.00018 88
0.000181 88
0.000182 88
0.000183 89
0.000184 89
0.000185 89
0.000186 89
0.000187 89
0.000188 88
0.000189 87
0.00019 88
0.000191 88
0.000192 87
0.000193 87
0.000194 88
0.000195 88
0.000196 88
0.000197 88
0.000198 88
0.000199 88
0.0002 88
0.000201 89
0.000202 88
0.000203 88
0.000204 88
0.000205 88
0.000206 87
0.000207 87
0.000208 87
0.000209 87
0.00021 87
0.000211 87
0.000212 87
0.000213 87
0.000214 87
0.000215 87
0.000216 87
0.000217 87
0.000218 87
0.000219 87
0.00022 87
0.000221 87
0.000222 87
0.000223 86
0.000224 86
0.000225 87
0.000226 86
0.000227 86
0.000228 86
0.000229 86
0.00023 86
0.000231 87
0.000232 85
0.000233 86
0.000234 85
0.000235 85
0.000236 85
0.000237 85
0.000238 86
0.000239 86
0.00024 86
0.000241 85
0.000242 85
0.000243 85
0.000244 86
0.000245 86
0.000246 86
0.000247 86
0.000248 86
0.000249 86
0.00025 86
0.000251 86
0.000252 87
0.000253 86
0.000254 86
0.000255 86
0.000256 86
0.000257 86
0.000258 86
0.000259 86
0.00026 86
0.000261 86
0.000262 87
0.000263 87
0.000264 88
0.000265 87
0.000266 88
0.000267 87
0.000268 88
0.000269 88
0.00027 89
0.000271 89
0.000272 89
0.000273 89
0.000274 90
0.000275 88
0.000276 90
0.000277 90
0.000278 88
0.000279 87
0.00028 87
0.000281 87
0.000282 87
0.000283 87
0.000284 86
0.000285 86
0.000286 85
0.000287 85
0.000288 86
0.000289 85
0.00029 85
0.000291 85
0.000292 85
0.000293 85
0.000294 85
0.000295 85
0.000296 86
0.000297 86
0.000298 86
0.000299 86
0.0003 85
0.000301 85
0.000302 85
0.000303 85
0.000304 84
0.000305 84
0.000306 85
0.000307 85
0.000308 84
0.000309 84
0.00031 84
0.000311 84
0.000312 84
0.000313 84
0.000314 84
0.000315 84
0.000316 84
0.000317 84
0.000318 84
0.000319 84
0.00032 84
0.000321 84
0.000322 84
0.000323 84
0.000324 84
0.000325 83
0.000326 83
0.000327 83
0.000328 83
0.000329 83
0.00033 83
0.000331 83
0.000332 83
0.000333 83
0.000334 83
0.000335 83
0.000336 83
0.000337 83
0.000338 83
0.000339 83
0.00034 83
0.000341 83
0.000342 83
0.000343 84
0.000344 83
0.000345 83
0.000346 83
0.000347 83
0.000348 84
0.000349 84
0.00035 85
0.000351 85
0.000352 84
0.000353 84
0.000354 83
0.000355 83
0.000356 83
0.000357 83
0.000358 83
0.000359 83
0.00036 83
0.000361 83
0.000362 83
0.000363 83
0.000364 83
0.000365 83
0.000366 83
0.000367 83
0.000368 83
0.000369 84
0.00037 84
0.000371 83
0.000372 83
0.000373 83
0.000374 83
0.000375 83
0.000376 83
0.000377 83
0.000378 83
0.000379 83
0.00038 83
0.000381 83
0.000382 83
0.000383 83
0.000384 83
0.000385 83
0.000386 83
0.000387 83
0.000388 83
0.000389 83
0.00039 83
0.000391 83
0.000392 83
0.000393 83
0.000394 83
0.000395 83
0.000396 83
0.000397 83
0.000398 83
0.000399 83
0.0004 83
0.000401 83
0.000402 83
0.000403 83
0.000404 83
0.000405 83
0.000406 83
0.000407 83
0.000408 83
0.000409 83
0.00041 83
0.000411 83
0.000412 83
0.000413 84
0.000414 84
0.000415 83
0.000416 83
0.000417 83
0.000418 83
0.000419 83
0.00042 83
0.000421 83
0.000422 83
0.000423 83
0.000424 83
0.000425 83
0.000426 83
0.000427 83
0.000428 83
0.000429 83
0.00043 83
0.000431 83
0.000432 83
0.000433 83
0.000434 83
0.000435 83
0.000436 83
0.000437 83
0.000438 83
0.000439 83
0.00044 83
0.000441 83
0.000442 83
0.000443 83
0.000444 83
0.000445 82
0.000446 82
0.000447 82
0.000448 82
0.000449 82
0.00045 82
0.000451 82
0.000452 82
0.000453 82
0.000454 82
0.000455 82
0.000456 82
0.000457 82
0.000458 82
0.000459 82
0.00046 82
0.000461 82
0.000462 82
0.000463 83
0.000464 82
0.000465 83
0.000466 82
0.000467 82
0.000468 82
0.000469 82
0.00047 82
0.000471 82
0.000472 82
0.000473 82
0.000474 82
0.000475 82
0.000476 82
0.000477 82
0.000478 82
0.000479 82
0.00048 82
0.000481 82
0.000482 82
0.000483 82
0.000484 82
0.000485 82
0.000486 82
0.000487 82
0.000488 82
0.000489 82
0.00049 82
0.000491 82
0.000492 82
0.000493 82
0.000494 82
0.000495 82
0.000496 82
0.000497 82
0.000498 82
0.000499 82
0.0005 82
0.000501 82
0.000502 82
0.000503 82
0.000504 82
0.000505 82
0.000506 82
0.000507 82
0.000508 82
0.000509 82
0.00051 82
0.000511 82
0.000512 82
0.000513 82
0.000514 82
0.000515 82
0.000516 82
0.000517 82
0.000518 82
0.000519 82
0.00052 82
0.000521 82
0.000522 82
0.000523 82
0.000524 82
0.000525 82
0.000526 82
0.000527 82
0.000528 82
0.000529 82
0.00053 82
0.000531 82
0.000532 82
0.000533 82
0.000534 82
0.000535 81
0.000536 81
0.000537 81
0.000538 81
0.000539 81
0.00054 81
0.000541 81
0.000542 81
0.000543 81
0.000544 81
0.000545 81
0.000546 81
0.000547 81
0.000548 81
0.000549 81
0.00055 81
0.000551 81
0.000552 81
0.000553 81
0.000554 81
0.000555 81
0.000556 81
0.000557 81
0.000558 81
0.000559 81
0.00056 81
0.000561 81
0.000562 81
0.000563 81
0.000564 81
0.000565 81
0.000566 81
0.000567 81
0.000568 81
0.000569 81
0.00057 81
0.000571 81
0.000572 81
0.000573 81
0.000574 81
0.000575 81
0.000576 81
0.000577 81
0.000578 81
0.000579 81
0.00058 81
0.000581 81
0.000582 81
0.000583 81
0.000584 81
0.000585 81
0.000586 81
0.000587 81
0.000588 81
0.000589 80
0.00059 80
0.000591 80
0.000592 80
0.000593 80
0.000594 80
0.000595 80
0.000596 80
0.000597 80
0.000598 80
0.000599 80
0.0006 80
0.000601 80
0.000602 80
0.000603 80
0.000604 80
0.000605 80
0.000606 80
0.000607 80
0.000608 80
0.000609 80
0.00061 80
0.000611 80
0.000612 80
0.000613 80
0.000614 80
0.000615 80
0.000616 80
0.000617 80
0.000618 80
0.000619 80
0.00062 80
0.000621 80
0.000622 80
0.000623 80
0.000624 80
0.000625 80
0.000626 80
0.000627 80
0.000628 80
0.000629 80
0.00063 80
0.000631 80
0.000632 80
0.000633 80
0.000634 81
0.000635 81
0.000636 81
0.000637 80
0.000638 81
0.000639 80
0.00064 80
0.000641 80
0.000642 80
0.000643 80
0.000644 80
0.000645 80
0.000646 80
0.000647 80
0.000648 80
0.000649 80
0.00065 80
0.000651 80
0.000652 80
0.000653 80
0.000654 80
0.000655 80
0.000656 80
0.000657 80
0.000658 80
0.000659 80
0.00066 80
0.000661 80
0.000662 80
0.000663 80
0.000664 80
0.000665 80
0.000666 80
0.000667 80
0.000668 80
0.000669 80
0.00067 80
0.000671 80
0.000672 80
0.000673 80
0.000674 80
0.000675 80
0.000676 80
0.000677 80
0.000678 80
0.000679 80
0.00068 80
0.000681 80
0.000682 80
0.000683 80
0.000684 80
0.000685 80
0.000686 81
0.000687 80
0.000688 80
0.000689 81
0.00069 80
0.000691 80
0.000692 80
0.000693 80
0.000694 80
0.000695 80
0.000696 80
0.000697 80
0.000698 80
0.000699 80
0.0007 80
0.000701 80
0.000702 80
0.000703 80
0.000704 80
0.000705 80
0.000706 80
0.000707 80
0.000708 80
0.000709 80
0.00071 80
0.000711 80
0.000712 80
0.000713 80
0.000714 80
0.000715 80
0.000716 80
0.000717 80
0.000718 80
0.000719 80
0.00072 80
0.000721 80
0.000722 80
0.000723 80
0.000724 80
0.000725 80
0.000726 80
0.000727 80
0.000728 80
0.000729 80
0.00073 80
0.000731 80
0.000732 80
0.000733 80
0.000734 80
0.000735 80
0.000736 80
0.000737 80
0.000738 80
0.000739 80
0.00074 80
0.000741 80
0.000742 80
0.000743 80
0.000744 80
0.000745 80
0.000746 80
0.000747 80
0.000748 80
0.000749 80
0.00075 80
0.000751 80
0.000752 80
0.000753 80
0.000754 80
0.000755 80
0.000756 80
0.000757 80
0.000758 80
0.000759 80
0.00076 81
0.000761 81
0.000762 81
0.000763 80
0.000764 81
0.000765 81
0.000766 80
0.000767 81
0.000768 81
0.000769 81
0.00077 80
0.000771 80
0.000772 80
0.000773 80
0.000774 80
0.000775 80
0.000776 80
0.000777 80
0.000778 80
0.000779 80
0.00078 80
0.000781 80
0.000782 80
0.000783 80
0.000784 80
0.000785 80
0.000786 80
0.000787 80
0.000788 80
0.000789 80
0.00079 80
0.000791 80
0.000792 80
0.000793 80
0.000794 80
0.000795 80
0.000796 80
0.000797 80
0.000798 80
0.000799 80
0.0008 80
0.000801 80
0.000802 80
0.000803 80
0.000804 80
0.000805 80
0.000806 80
0.000807 80
0.000808 80
0.000809 80
0.00081 80
0.000811 80
0.000812 80
0.000813 80
0.000814 80
0.000815 80
0.000816 80
0.000817 80
0.000818 80
0.000819 80
0.00082 80
0.000821 80
0.000822 80
0.000823 80
0.000824 80
0.000825 80
0.000826 80
0.000827 80
0.000828 80
0.000829 80
0.00083 80
0.000831 80
0.000832 79
0.000833 79
0.000834 78
0.000835 78
0.000836 78
0.000837 78
0.000838 78
0.000839 78
0.00084 78
0.000841 79
0.000842 79
0.000843 79
0.000844 79
0.000845 79
0.000846 79
0.000847 79
0.000848 79
0.000849 79
0.00085 79
0.000851 79
0.000852 79
0.000853 79
0.000854 79
0.000855 79
0.000856 79
0.000857 79
0.000858 79
0.000859 79
0.00086 79
0.000861 79
0.000862 79
0.000863 79
0.000864 79
0.000865 79
0.000866 79
0.000867 79
0.000868 79
0.000869 79
0.00087 79
0.000871 79
0.000872 79
0.000873 79
0.000874 79
0.000875 79
0.000876 78
0.000877 78
0.000878 78
0.000879 78
0.00088 78
0.000881 78
0.000882 78
0.000883 78
0.000884 78
0.000885 78
0.000886 78
0.000887 78
0.000888 78
0.000889 78
0.00089 78
0.000891 79
0.000892 79
0.000893 79
0.000894 79
0.000895 79
0.000896 79
0.000897 79
0.000898 79
0.000899 79
0.0009 79
0.000901 79
0.000902 79
0.000903 79
0.000904 79
0.000905 79
0.000906 79
0.000907 79
0.000908 79
0.000909 79
0.00091 79
0.000911 79
0.000912 79
0.000913 79
0.000914 79
0.000915 79
0.000916 79
0.000917 79
0.000918 79
0.000919 79
0.00092 79
0.000921 79
0.000922 79
0.000923 79
0.000924 79
0.000925 79
0.000926 79
0.000927 80
0.000928 80
0.000929 79
0.00093 80
0.000931 80
0.000932 80
0.000933 79
0.000934 79
0.000935 79
0.000936 79
0.000937 79
0.000938 79
0.000939 79
0.00094 79
0.000941 79
0.000942 79
0.000943 79
0.000944 79
0.000945 79
0.000946 79
0.000947 79
0.000948 79
0.000949 79
0.00095 79
0.000951 79
0.000952 79
0.000953 79
0.000954 79
0.000955 79
0.000956 79
0.000957 79
0.000958 79
0.000959 79
0.00096 79
0.000961 79
0.000962 79
0.000963 79
0.000964 79
0.000965 79
0.000966 79
0.000967 79
0.000968 79
0.000969 79
0.00097 79
0.000971 79
0.000972 79
0.000973 78
0.000974 78
0.000975 78
0.000976 78
0.000977 78
0.000978 78
0.000979 78
0.00098 78
0.000981 78
0.000982 78
0.000983 78
0.000984 78
0.000985 78
0.000986 78
0.000987 78
0.000988 78
0.000989 78
0.00099 78
0.000991 78
0.000992 78
0.000993 78
0.000994 78
0.000995 78
0.000996 78
0.000997 78
0.000998 78
0.000999 78
0.001 78
