0 0
1e-06 1
2e-06 1
3e-06 2
4e-06 2
5e-06 2
6e-06 2
7e-06 3
8e-06 3
9e-06 4
1e-05 4
1.1e-05 4
1.2e-05 4
1.3e-05 4
1.4e-05 4
1.5e-05 4
1.6e-05 4
1.7e-05 4
1.8e-05 4
1.9e-05 4
2e-05 4
2.1e-05 4
2.2e-05 4
2.3e-05 4
2.4e-05 4
2.5e-05 4
2.6e-05 4
2.7e-05 4
2.8e-05 4
2.9e-05 4
3e-05 4
3.1e-05 5
3.2e-05 5
3.3e-05 5
3.4e-05 5
3.5e-05 5
3.6e-05 5
3.7e-05 5
3.8e-05 5
3.9e-05 5
4e-05 5
4.1e-05 5
4.2e-05 5
4.3e-05 5
4.4e-05 5
4.5e-05 5
4.6e-05 5
4.7e-05 5
4.8e-05 5
4.9e-05 5
5e-05 5
5.1e-05 5
5.2e-05 5
5.3e-05 5
5.4e-05 5
5.5e-05 5
5.6e-05 5
5.7e-05 5
5.8e-05 5
5.9e-05 5
6e-05 5
6.1e-05 5
6.2e-05 5
6.3e-05 5
6.4e-05 5
6.5e-05 5
6.6e-05 5
6.7e-05 5
6.8e-05 5
6.9e-05 5
7e-05 5
7.1e-05 6
7.2e-05 6
7.3e-05 6
7.4e-05 6
7.5e-05 6
7.6e-05 6
7.7e-05 6
7.8e-05 6
7.9e-05 6
8e-05 6
8.1e-05 6
8.2e-05 6
8.3e-05 6
8.4e-05 6
8.5e-05 6
8.6e-05 6
8.7e-05 6
8.8e-05 6
8.9e-05 6
9e-05 6
9.1e-05 6
9.2e-05 6
9.3e-05 6
9.4e-05 6
9.5e-05 6
9.6e-05 6
9.7e-05 6
9.8e-05 6
9.9e-05 6
0.0001 6
0.000101 6
0.000102 6
0.000103 6
0.000104 6
0.000105 6
0.000106 6
0.000107 6
0.000108 6
0.000109 6
0.00011 6
0.000111 6
0.000112 6
0.000113 6
0.000114 6
0.000115 6
0.000116 6
0.000117 7
0.000118 7
0.000119 7
0.00012 7
0.000121 7
0.000122 7
0.000123 7
0.000124 7
0.000125 7
0.000126 7
0.000127 7
0.000128 7
0.000129 7
0.00013 7
0.000131 7
0.000132 7
0.000133 7
0.000134 7
0.000135 7
0.000136 7
0.000137 7
0.000138 7
0.000139 7
0.00014 7
0.000141 7
0.000142 7
0.000143 7
0.000144 7
0.000145 7
0.000146 7
0.000147 7
0.000148 7
0.000149 7
0.00015 7
0.000151 7
0.000152 7
0.000153 7
0.000154 7
0.000155 7
0.000156 7
0.000157 7
0.000158 7
0.000159 7
0.00016 7
0.000161 7
0.000162 7
0.000163 7
0.000164 7
0.000165 7
0.000166 7
0.000167 7
0.000168 7
0.000169 7
0.00017 7
0.000171 7
0.000172 7
0.000173 7
0.000174 7
0.000175 7
0.000176 7
0.000177 7
0.000178 7
0.000179 7
0.00018 7
0.000181 7
0.000182 7
0.000183 7
0.000184 7
0.000185 7
0.000186 7
0.000187 7
0.000188 7
0.000189 7
0.00019 7
0.000191 7
0.000192 7
0.000193 7
0.000194 7
0.000195 7
0.000196 7
0.000197 7
0.000198 7
0.000199 7
0.0002 7
0.000201 7
0.000202 7
0.000203 7
0.000204 7
0.000205 7
0.000206 7
0.000207 7
0.000208 7
0.000209 7
0.00021 7
0.000211 7
0.000212 7
0.000213 7
0.000214 7
0.000215 7
0.000216 7
0.000217 7
0.000218 7
0.000219 7
0.00022 7
0.000221 7
0.000222 7
0.000223 7
0.000224 7
0.000225 7
0.000226 7
0.000227 7
0.000228 7
0.000229 7
0.00023 7
0.000231 7
0.000232 7
0.000233 7
0.000234 7
0.000235 7
0.000236 7
0.000237 7
0.000238 7
0.000239 7
0.00024 7
0.000241 7
0.000242 7
0.000243 7
0.000244 7
0.000245 7
0.000246 7
0.000247 7
0.000248 7
0.000249 7
0.00025 7
0.000251 7
0.000252 7
0.000253 7
0.000254 7
0.000255 7
0.000256 7
0.000257 7
0.000258 7
0.000259 7
0.00026 7
0.000261 7
0.000262 7
0.000263 7
0.000264 7
0.000265 7
0.000266 7
0.000267 7
0.000268 7
0.000269 7
0.00027 7
0.000271 7
0.000272 7
0.000273 7
0.000274 7
0.000275 7
0.000276 7
0.000277 7
0.000278 7
0.000279 7
0.00028 7
0.000281 7
0.000282 7
0.000283 7
0.000284 7
0.000285 7
0.000286 7
0.000287 7
0.000288 7
0.000289 7
0.00029 7
0.000291 7
0.000292 7
0.000293 7
0.000294 7
0.000295 7
0.000296 7
0.000297 7
0.000298 7
0.000299 7
0.0003 7
0.000301 7
0.000302 7
0.000303 7
0.000304 7
0.000305 7
0.000306 7
0.000307 7
0.000308 7
0.000309 7
0.00031 7
0.000311 7
0.000312 7
0.000313 7
0.000314 7
0.000315 7
0.000316 7
0.000317 7
0.000318 7
0.000319 7
0.00032 7
0.000321 7
0.000322 7
0.000323 7
0.000324 7
0.000325 7
0.000326 7
0.000327 7
0.000328 7
0.000329 7
0.00033 7
0.000331 7
0.000332 7
0.000333 7
0.000334 7
0.000335 7
0.000336 7
0.000337 7
0.000338 7
0.000339 7
0.00034 7
0.000341 7
0.000342 7
0.000343 7
0.000344 7
0.000345 7
0.000346 7
0.000347 7
0.000348 7
0.000349 7
0.00035 7
0.000351 7
0.000352 7
0.000353 7
0.000354 7
0.000355 7
0.000356 7
0.000357 7
0.000358 7
0.000359 7
0.00036 7
0.000361 7
0.000362 7
0.000363 7
0.000364 7
0.000365 7
0.000366 7
0.000367 7
0.000368 7
0.000369 7
0.00037 7
0.000371 7
0.000372 7
0.000373 7
0.000374 7
0.000375 7
0.000376 7
0.000377 7
0.000378 7
0.000379 7
0.00038 7
0.000381 7
0.000382 7
0.000383 7
0.000384 7
0.000385 7
0.000386 7
0.000387 7
0.000388 7
0.000389 7
0.00039 7
0.000391 7
0.000392 7
0.000393 7
0.000394 7
0.000395 7
0.000396 7
0.000397 7
0.000398 7
0.000399 7
0.0004 7
0.000401 7
0.000402 7
0.000403 7
0.000404 7
0.000405 7
0.000406 7
0.000407 7
0.000408 7
0.000409 7
0.00041 7
0.000411 7
0.000412 7
0.000413 7
0.000414 7
0.000415 7
0.000416 7
0.000417 7
0.000418 7
0.000419 7
0.00042 7
0.000421 7
0.000422 7
0.000423 7
0.000424 7
0.000425 7
0.000426 7
0.000427 7
0.000428 7
0.000429 7
0.00043 7
0.000431 7
0.000432 7
0.000433 7
0.000434 7
0.000435 7
0.000436 7
0.000437 7
0.000438 7
0.000439 7
0.00044 7
0.000441 7
0.000442 7
0.000443 7
0.000444 7
0.000445 7
0.000446 7
0.000447 7
0.000448 7
0.000449 7
0.00045 7
0.000451 7
0.000452 7
0.000453 7
0.000454 7
0.000455 7
0.000456 7
0.000457 7
0.000458 7
0.000459 7
0.00046 7
0.000461 7
0.000462 7
0.000463 7
0.000464 7
0.000465 7
0.000466 7
0.000467 7
0.000468 7
0.000469 7
0.00047 7
0.000471 7
0.000472 7
0.000473 7
0.000474 7
0.000475 7
0.000476 7
0.000477 7
0.000478 7
0.000479 7
0.00048 7
0.000481 7
0.000482 7
0.000483 7
0.000484 7
0.000485 7
0.000486 7
0.000487 7
0.000488 7
0.000489 7
0.00049 7
0.000491 7
0.000492 7
0.000493 7
0.000494 7
0.000495 7
0.000496 7
0.000497 7
0.000498 7
0.000499 7
0.0005 7
0.000501 7
0.000502 7
0.000503 7
0.000504 7
0.000505 7
0.000506 7
0.000507 7
0.000508 7
0.000509 7
0.00051 7
0.000511 7
0.000512 7
0.000513 7
0.000514 7
0.000515 7
0.000516 7
0.000517 7
0.000518 7
0.000519 7
0.00052 7
0.000521 7
0.000522 7
0.000523 7
0.000524 7
0.000525 7
0.000526 7
0.000527 7
0.000528 7
0.000529 7
0.00053 7
0.000531 7
0.000532 7
0.000533 7
0.000534 7
0.000535 7
0.000536 7
0.000537 7
0.000538 7
0.000539 7
0.00054 7
0.000541 7
0.000542 7
0.000543 7
0.000544 7
0.000545 7
0.000546 7
0.000547 7
0.000548 7
0.000549 7
0.00055 7
0.000551 7
0.000552 7
0.000553 7
0.000554 7
0.000555 7
0.000556 7
0.000557 7
0.000558 7
0.000559 7
0.00056 7
0.000561 7
0.000562 7
0.000563 7
0.000564 7
0.000565 7
0.000566 7
0.000567 7
0.000568 7
0.000569 7
0.00057 7
0.000571 7
0.000572 7
0.000573 7
0.000574 7
0.000575 7
0.000576 7
0.000577 7
0.000578 7
0.000579 7
0.00058 7
0.000581 7
0.000582 7
0.000583 7
0.000584 7
0.000585 7
0.000586 7
0.000587 7
0.000588 7
0.000589 7
0.00059 7
0.000591 7
0.000592 7
0.000593 7
0.000594 7
0.000595 7
0.000596 7
0.000597 7
0.000598 7
0.000599 7
0.0006 7
0.000601 7
0.000602 7
0.000603 7
0.000604 7
0.000605 7
0.000606 7
0.000607 7
0.000608 7
0.000609 7
0.00061 7
0.000611 7
0.000612 7
0.000613 7
0.000614 7
0.000615 7
0.000616 7
0.000617 7
0.000618 7
0.000619 7
0.00062 7
0.000621 7
0.000622 7
0.000623 7
0.000624 7
0.000625 7
0.000626 7
0.000627 7
0.000628 7
0.000629 7
0.00063 7
0.000631 7
0.000632 7
0.000633 7
0.000634 7
0.000635 7
0.000636 7
0.000637 7
0.000638 7
0.000639 7
0.00064 7
0.000641 7
0.000642 7
0.000643 7
0.000644 7
0.000645 7
0.000646 7
0.000647 7
0.000648 7
0.000649 7
0.00065 7
0.000651 7
0.000652 7
0.000653 7
0.000654 7
0.000655 7
0.000656 7
0.000657 7
0.000658 7
0.000659 7
0.00066 7
0.000661 7
0.000662 7
0.000663 7
0.000664 7
0.000665 7
0.000666 7
0.000667 7
0.000668 7
0.000669 7
0.00067 7
0.000671 7
0.000672 7
0.000673 7
0.000674 7
0.000675 7
0.000676 7
0.000677 7
0.000678 7
0.000679 7
0.00068 7
0.000681 7
0.000682 7
0.000683 7
0.000684 7
0.000685 7
0.000686 7
0.000687 7
0.000688 7
0.000689 7
0.00069 7
0.000691 7
0.000692 7
0.000693 7
0.000694 7
0.000695 7
0.000696 7
0.000697 7
0.000698 7
0.000699 7
0.0007 7
0.000701 7
0.000702 7
0.000703 7
0.000704 7
0.000705 7
0.000706 7
0.000707 7
0.000708 7
0.000709 7
0.00071 7
0.000711 7
0.000712 7
0.000713 7
0.000714 7
0.000715 7
0.000716 7
0.000717 7
0.000718 7
0.000719 7
0.00072 7
0.000721 7
0.000722 7
0.000723 7
0.000724 7
0.000725 7
0.000726 7
0.000727 7
0.000728 7
0.000729 7
0.00073 7
0.000731 7
0.000732 7
0.000733 7
0.000734 7
0.000735 7
0.000736 7
0.000737 7
0.000738 7
0.000739 7
0.00074 7
0.000741 7
0.000742 7
0.000743 7
0.000744 7
0.000745 7
0.000746 7
0.000747 7
0.000748 7
0.000749 7
0.00075 7
0.000751 7
0.000752 7
0.000753 7
0.000754 7
0.000755 7
0.000756 7
0.000757 7
0.000758 7
0.000759 7
0.00076 7
0.000761 7
0.000762 7
0.000763 7
0.000764 7
0.000765 7
0.000766 7
0.000767 7
0.000768 7
0.000769 7
0.00077 7
0.000771 7
0.000772 7
0.000773 7
0.000774 7
0.000775 7
0.000776 7
0.000777 7
0.000778 7
0.000779 7
0.00078 7
0.000781 7
0.000782 7
0.000783 7
0.000784 7
0.000785 7
0.000786 7
0.000787 7
0.000788 7
0.000789 7
0.00079 7
0.000791 7
0.000792 7
0.000793 7
0.000794 7
0.000795 7
0.000796 7
0.000797 7
0.000798 7
0.000799 7
0.0008 7
0.000801 7
0.000802 7
0.000803 7
0.000804 7
0.000805 7
0.000806 7
0.000807 7
0.000808 7
0.000809 7
0.00081 7
0.000811 7
0.000812 7
0.000813 7
0.000814 7
0.000815 7
0.000816 7
0.000817 7
0.000818 7
0.000819 7
0.00082 7
0.000821 7
0.000822 7
0.000823 7
0.000824 7
0.000825 7
0.000826 7
0.000827 7
0.000828 7
0.000829 7
0.00083 7
0.000831 7
0.000832 7
0.000833 7
0.000834 7
0.000835 7
0.000836 7
0.000837 7
0.000838 7
0.000839 7
0.00084 7
0.000841 7
0.000842 7
0.000843 7
0.000844 7
0.000845 7
0.000846 7
0.000847 7
0.000848 7
0.000849 7
0.00085 7
0.000851 7
0.000852 7
0.000853 7
0.000854 7
0.000855 7
0.000856 7
0.000857 7
0.000858 7
0.000859 7
0.00086 7
0.000861 7
0.000862 7
0.000863 7
0.000864 7
0.000865 7
0.000866 7
0.000867 7
0.000868 7
0.000869 7
0.00087 7
0.000871 7
0.000872 7
0.000873 7
0.000874 7
0.000875 7
0.000876 7
0.000877 7
0.000878 7
0.000879 7
0.00088 7
0.000881 7
0.000882 7
0.000883 7
0.000884 7
0.000885 7
0.000886 7
0.000887 7
0.000888 7
0.000889 7
0.00089 7
0.000891 7
0.000892 7
0.000893 7
0.000894 7
0.000895 7
0.000896 7
0.000897 7
0.000898 7
0.000899 7
0.0009 7
0.000901 7
0.000902 7
0.000903 7
0.000904 7
0.000905 7
0.000906 7
0.000907 7
0.000908 7
0.000909 7
0.00091 7
0.000911 7
0.000912 7
0.000913 7
0.000914 7
0.000915 7
0.000916 7
0.000917 7
0.000918 7
0.000919 7
0.00092 7
0.000921 7
0.000922 7
0.000923 7
0.000924 7
0.000925 7
0.000926 7
0.000927 7
0.000928 7
0.000929 7
0.00093 7
0.000931 7
0.000932 7
0.000933 7
0.000934 7
0.000935 7
0.000936 7
0.000937 7
0.000938 7
0.000939 7
0.00094 7
0.000941 7
0.000942 7
0.000943 7
0.000944 7
0.000945 7
0.000946 7
0.000947 7
0.000948 7
0.000949 7
0.00095 7
0.000951 7
0.000952 7
0.000953 7
0.000954 7
0.000955 7
0.000956 7
0.000957 7
0.000958 7
0.000959 7
0.00096 7
0.000961 7
0.000962 7
0.000963 7
0.000964 7
0.000965 7
0.000966 7
0.000967 7
0.000968 7
0.000969 7
0.00097 7
0.000971 7
0.000972 7
0.000973 7
0.000974 7
0.000975 7
0.000976 7
0.000977 7
0.000978 7
0.000979 7
0.00098 7
0.000981 7
0.000982 7
0.000983 7
0.000984 7
0.000985 7
0.000986 7
0.000987 7
0.000988 7
0.000989 7
0.00099 7
0.000991 7
0.000992 7
0.000993 7
0.000994 7
0.000995 7
0.000996 7
0.000997 7
0.000998 7
0.000999 7
0.001 7
