0 500
1e-06 500
2e-06 500
3e-06 500
4e-06 497
5e-06 497
6e-06 497
7e-06 497
8e-06 497
9e-06 496
1e-05 496
1.1e-05 495
1.2e-05 494
1.3e-05 492
1.4e-05 492
1.5e-05 492
1.6e-05 492
1.7e-05 492
1.8e-05 491
1.9e-05 491
2e-05 491
2.1e-05 491
2.2e-05 491
2.3e-05 491
2.4e-05 491
2.5e-05 491
2.6e-05 491
2.7e-05 490
2.8e-05 490
2.9e-05 489
3e-05 489
3.1e-05 489
3.2e-05 489
3.3e-05 489
3.4e-05 489
3.5e-05 489
3.6e-05 489
3.7e-05 489
3.8e-05 489
3.9e-05 489
4e-05 489
4.1e-05 489
4.2e-05 489
4.3e-05 489
4.4e-05 489
4.5e-05 489
4.6e-05 489
4.7e-05 489
4.8e-05 489
4.9e-05 489
5e-05 489
5.1e-05 489
5.2e-05 489
5.3e-05 489
5.4e-05 488
5.5e-05 488
5.6e-05 488
5.7e-05 488
5.8e-05 488
5.9e-05 488
6e-05 488
6.1e-05 488
6.2e-05 488
6.3e-05 488
6.4e-05 488
6.5e-05 488
6.6e-05 488
6.7e-05 488
6.8e-05 488
6.9e-05 488
7e-05 488
7.1e-05 488
7.2e-05 488
7.3e-05 488
7.4e-05 488
7.5e-05 488
7.6e-05 488
7.7e-05 488
7.8e-05 488
7.9e-05 488
8e-05 488
8.1e-05 488
8.2e-05 488
8.3e-05 488
8.4e-05 488
8.5e-05 488
8.6e-05 488
8.7e-05 488
8.8e-05 488
8.9e-05 488
9e-05 488
9.1e-05 488
9.2e-05 488
9.3e-05 488
9.4e-05 488
9.5e-05 488
9.6e-05 488
9.7e-05 488
9.8e-05 488
9.9e-05 488
0.0001 488
0.000101 488
0.000102 488
0.000103 488
0.000104 488
0.000105 488
0.000106 488
0.000107 488
0.000108 488
0.000109 488
0.00011 488
0.000111 488
0.000112 488
0.000113 488
0.000114 488
0.000115 488
0.000116 488
0.000117 488
0.000118 488
0.000119 488
0.00012 488
0.000121 488
0.000122 488
0.000123 488
0.000124 488
0.000125 488
0.000126 488
0.000127 488
0.000128 488
0.000129 488
0.00013 488
0.000131 488
0.000132 488
0.000133 488
0.000134 488
0.000135 488
0.000136 488
0.000137 488
0.000138 488
0.000139 488
0.00014 488
0.000141 488
0.000142 488
0.000143 488
0.000144 488
0.000145 488
0.000146 488
0.000147 488
0.000148 488
0.000149 488
0.00015 488
0.000151 488
0.000152 488
0.000153 488
0.000154 488
0.000155 488
0.000156 488
0.000157 488
0.000158 488
0.000159 488
0.00016 488
0.000161 488
0.000162 488
0.000163 488
0.000164 488
0.000165 488
0.000166 488
0.000167 488
0.000168 488
0.000169 488
0.00017 488
0.000171 488
0.000172 488
0.000173 488
0.000174 488
0.000175 488
0.000176 488
0.000177 488
0.000178 488
0.000179 488
0.00018 488
0.000181 488
0.000182 488
0.000183 488
0.000184 488
0.000185 488
0.000186 488
0.000187 488
0.000188 488
0.000189 488
0.00019 488
0.000191 488
0.000192 488
0.000193 488
0.000194 488
0.000195 488
0.000196 488
0.000197 488
0.000198 488
0.000199 488
0.0002 488
0.000201 488
0.000202 488
0.000203 488
0.000204 488
0.000205 488
0.000206 488
0.000207 488
0.000208 488
0.000209 488
0.00021 488
0.000211 488
0.000212 488
0.000213 488
0.000214 488
0.000215 488
0.000216 488
0.000217 488
0.000218 488
0.000219 488
0.00022 488
0.000221 488
0.000222 488
0.000223 488
0.000224 488
0.000225 488
0.000226 488
0.000227 488
0.000228 488
0.000229 488
0.00023 488
0.000231 488
0.000232 488
0.000233 488
0.000234 488
0.000235 488
0.000236 488
0.000237 488
0.000238 488
0.000239 488
0.00024 488
0.000241 488
0.000242 488
0.000243 488
0.000244 488
0.000245 488
0.000246 488
0.000247 488
0.000248 488
0.000249 488
0.00025 488
0.000251 488
0.000252 488
0.000253 488
0.000254 488
0.000255 488
0.000256 488
0.000257 488
0.000258 488
0.000259 488
0.00026 488
0.000261 488
0.000262 488
0.000263 488
0.000264 488
0.000265 488
0.000266 488
0.000267 488
0.000268 488
0.000269 488
0.00027 488
0.000271 488
0.000272 488
0.000273 488
0.000274 488
0.000275 488
0.000276 488
0.000277 488
0.000278 488
0.000279 488
0.00028 488
0.000281 488
0.000282 488
0.000283 488
0.000284 488
0.000285 488
0.000286 488
0.000287 488
0.000288 488
0.000289 487
0.00029 487
0.000291 487
0.000292 487
0.000293 487
0.000294 487
0.000295 487
0.000296 487
0.000297 487
0.000298 487
0.000299 487
0.0003 487
0.000301 487
0.000302 487
0.000303 487
0.000304 487
0.000305 487
0.000306 487
0.000307 487
0.000308 487
0.000309 487
0.00031 487
0.000311 487
0.000312 487
0.000313 487
0.000314 487
0.000315 487
0.000316 487
0.000317 487
0.000318 487
0.000319 487
0.00032 487
0.000321 487
0.000322 487
0.000323 487
0.000324 487
0.000325 487
0.000326 487
0.000327 487
0.000328 487
0.000329 487
0.00033 487
0.000331 487
0.000332 487
0.000333 487
0.000334 487
0.000335 487
0.000336 487
0.000337 487
0.000338 487
0.000339 487
0.00034 487
0.000341 487
0.000342 487
0.000343 487
0.000344 487
0.000345 487
0.000346 487
0.000347 487
0.000348 487
0.000349 487
0.00035 487
0.000351 487
0.000352 487
0.000353 487
0.000354 487
0.000355 487
0.000356 487
0.000357 487
0.000358 487
0.000359 487
0.00036 487
0.000361 487
0.000362 487
0.000363 487
0.000364 487
0.000365 487
0.000366 487
0.000367 487
0.000368 487
0.000369 487
0.00037 487
0.000371 487
0.000372 487
0.000373 487
0.000374 487
0.000375 487
0.000376 487
0.000377 487
0.000378 487
0.000379 487
0.00038 487
0.000381 487
0.000382 487
0.000383 487
0.000384 487
0.000385 487
0.000386 487
0.000387 487
0.000388 487
0.000389 487
0.00039 487
0.000391 487
0.000392 487
0.000393 487
0.000394 487
0.000395 487
0.000396 487
0.000397 487
0.000398 487
0.000399 487
0.0004 487
0.000401 487
0.000402 487
0.000403 487
0.000404 487
0.000405 487
0.000406 487
0.000407 487
0.000408 487
0.000409 487
0.00041 487
0.000411 487
0.000412 487
0.000413 487
0.000414 487
0.000415 487
0.000416 487
0.000417 487
0.000418 487
0.000419 487
0.00042 487
0.000421 487
0.000422 487
0.000423 487
0.000424 487
0.000425 487
0.000426 487
0.000427 487
0.000428 487
0.000429 487
0.00043 487
0.000431 487
0.000432 487
0.000433 487
0.000434 487
0.000435 487
0.000436 487
0.000437 487
0.000438 487
0.000439 487
0.00044 487
0.000441 487
0.000442 487
0.000443 487
0.000444 487
0.000445 487
0.000446 487
0.000447 487
0.000448 487
0.000449 487
0.00045 487
0.000451 487
0.000452 487
0.000453 487
0.000454 487
0.000455 487
0.000456 487
0.000457 487
0.000458 487
0.000459 487
0.00046 487
0.000461 487
0.000462 487
0.000463 487
0.000464 487
0.000465 487
0.000466 487
0.000467 487
0.000468 487
0.000469 487
0.00047 487
0.000471 487
0.000472 487
0.000473 487
0.000474 487
0.000475 487
0.000476 487
0.000477 487
0.000478 487
0.000479 487
0.00048 487
0.000481 487
0.000482 487
0.000483 487
0.000484 487
0.000485 487
0.000486 487
0.000487 487
0.000488 487
0.000489 487
0.00049 487
0.000491 487
0.000492 487
0.000493 487
0.000494 487
0.000495 487
0.000496 487
0.000497 487
0.000498 487
0.000499 487
0.0005 487
0.000501 487
0.000502 487
0.000503 487
0.000504 487
0.000505 487
0.000506 487
0.000507 487
0.000508 487
0.000509 487
0.00051 487
0.000511 487
0.000512 487
0.000513 487
0.000514 487
0.000515 487
0.000516 487
0.000517 487
0.000518 487
0.000519 487
0.00052 487
0.000521 487
0.000522 487
0.000523 487
0.000524 487
0.000525 487
0.000526 487
0.000527 487
0.000528 487
0.000529 487
0.00053 487
0.000531 487
0.000532 487
0.000533 487
0.000534 487
0.000535 487
0.000536 487
0.000537 487
0.000538 487
0.000539 487
0.00054 487
0.000541 487
0.000542 487
0.000543 487
0.000544 487
0.000545 487
0.000546 487
0.000547 487
0.000548 487
0.000549 487
0.00055 487
0.000551 487
0.000552 487
0.000553 487
0.000554 487
0.000555 487
0.000556 487
0.000557 487
0.000558 487
0.000559 487
0.00056 487
0.000561 487
0.000562 487
0.000563 487
0.000564 487
0.000565 487
0.000566 487
0.000567 487
0.000568 487
0.000569 487
0.00057 487
0.000571 487
0.000572 487
0.000573 487
0.000574 487
0.000575 487
0.000576 487
0.000577 487
0.000578 487
0.000579 487
0.00058 487
0.000581 487
0.000582 487
0.000583 487
0.000584 487
0.000585 487
0.000586 487
0.000587 487
0.000588 487
0.000589 487
0.00059 487
0.000591 487
0.000592 487
0.000593 487
0.000594 487
0.000595 487
0.000596 487
0.000597 487
0.000598 487
0.000599 487
0.0006 487
0.000601 487
0.000602 487
0.000603 487
0.000604 487
0.000605 487
0.000606 487
0.000607 487
0.000608 487
0.000609 487
0.00061 487
0.000611 487
0.000612 487
0.000613 487
0.000614 487
0.000615 487
0.000616 487
0.000617 487
0.000618 487
0.000619 487
0.00062 487
0.000621 487
0.000622 487
0.000623 487
0.000624 487
0.000625 487
0.000626 487
0.000627 487
0.000628 487
0.000629 487
0.00063 487
0.000631 487
0.000632 487
0.000633 487
0.000634 487
0.000635 487
0.000636 487
0.000637 487
0.000638 487
0.000639 487
0.00064 487
0.000641 487
0.000642 487
0.000643 487
0.000644 487
0.000645 487
0.000646 487
0.000647 487
0.000648 487
0.000649 487
0.00065 487
0.000651 487
0.000652 487
0.000653 487
0.000654 487
0.000655 487
0.000656 487
0.000657 487
0.000658 487
0.000659 487
0.00066 487
0.000661 487
0.000662 487
0.000663 487
0.000664 487
0.000665 487
0.000666 487
0.000667 487
0.000668 487
0.000669 487
0.00067 487
0.000671 487
0.000672 487
0.000673 487
0.000674 487
0.000675 487
0.000676 487
0.000677 487
0.000678 487
0.000679 487
0.00068 487
0.000681 487
0.000682 487
0.000683 487
0.000684 487
0.000685 487
0.000686 487
0.000687 487
0.000688 487
0.000689 487
0.00069 487
0.000691 487
0.000692 487
0.000693 487
0.000694 487
0.000695 487
0.000696 487
0.000697 487
0.000698 487
0.000699 487
0.0007 487
0.000701 487
0.000702 487
0.000703 487
0.000704 487
0.000705 487
0.000706 487
0.000707 487
0.000708 487
0.000709 487
0.00071 487
0.000711 487
0.000712 487
0.000713 487
0.000714 487
0.000715 487
0.000716 487
0.000717 487
0.000718 487
0.000719 487
0.00072 487
0.000721 487
0.000722 487
0.000723 487
0.000724 487
0.000725 487
0.000726 487
0.000727 487
0.000728 487
0.000729 487
0.00073 487
0.000731 487
0.000732 487
0.000733 487
0.000734 487
0.000735 487
0.000736 487
0.000737 487
0.000738 487
0.000739 487
0.00074 487
0.000741 487
0.000742 487
0.000743 487
0.000744 487
0.000745 487
0.000746 487
0.000747 487
0.000748 487
0.000749 487
0.00075 487
0.000751 487
0.000752 487
0.000753 487
0.000754 487
0.000755 487
0.000756 487
0.000757 487
0.000758 487
0.000759 487
0.00076 487
0.000761 487
0.000762 487
0.000763 487
0.000764 487
0.000765 487
0.000766 487
0.000767 487
0.000768 487
0.000769 487
0.00077 487
0.000771 487
0.000772 487
0.000773 487
0.000774 487
0.000775 487
0.000776 487
0.000777 487
0.000778 487
0.000779 487
0.00078 487
0.000781 487
0.000782 487
0.000783 487
0.000784 487
0.000785 487
0.000786 487
0.000787 487
0.000788 487
0.000789 487
0.00079 487
0.000791 487
0.000792 487
0.000793 487
0.000794 487
0.000795 487
0.000796 487
0.000797 487
0.000798 487
0.000799 487
0.0008 487
0.000801 487
0.000802 487
0.000803 487
0.000804 487
0.000805 487
0.000806 487
0.000807 487
0.000808 487
0.000809 487
0.00081 487
0.000811 487
0.000812 487
0.000813 487
0.000814 487
0.000815 487
0.000816 487
0.000817 487
0.000818 487
0.000819 487
0.00082 487
0.000821 487
0.000822 487
0.000823 487
0.000824 487
0.000825 487
0.000826 487
0.000827 487
0.000828 487
0.000829 487
0.00083 487
0.000831 487
0.000832 487
0.000833 487
0.000834 487
0.000835 487
0.000836 487
0.000837 487
0.000838 487
0.000839 487
0.00084 487
0.000841 487
0.000842 487
0.000843 487
0.000844 487
0.000845 487
0.000846 487
0.000847 487
0.000848 487
0.000849 487
0.00085 487
0.000851 487
0.000852 487
0.000853 487
0.000854 487
0.000855 487
0.000856 487
0.000857 487
0.000858 487
0.000859 487
0.00086 487
0.000861 487
0.000862 487
0.000863 487
0.000864 487
0.000865 487
0.000866 487
0.000867 487
0.000868 487
0.000869 487
0.00087 487
0.000871 487
0.000872 487
0.000873 487
0.000874 487
0.000875 487
0.000876 487
0.000877 487
0.000878 487
0.000879 487
0.00088 487
0.000881 487
0.000882 487
0.000883 487
0.000884 487
0.000885 487
0.000886 487
0.000887 487
0.000888 487
0.000889 487
0.00089 487
0.000891 487
0.000892 487
0.000893 487
0.000894 487
0.000895 487
0.000896 487
0.000897 487
0.000898 487
0.000899 487
0.0009 487
0.000901 487
0.000902 487
0.000903 487
0.000904 487
0.000905 487
0.000906 487
0.000907 487
0.000908 487
0.000909 487
0.00091 487
0.000911 487
0.000912 487
0.000913 487
0.000914 487
0.000915 487
0.000916 487
0.000917 487
0.000918 487
0.000919 487
0.00092 487
0.000921 487
0.000922 487
0.000923 487
0.000924 487
0.000925 487
0.000926 487
0.000927 487
0.000928 487
0.000929 487
0.00093 487
0.000931 487
0.000932 487
0.000933 487
0.000934 487
0.000935 487
0.000936 487
0.000937 487
0.000938 487
0.000939 487
0.00094 487
0.000941 487
0.000942 487
0.000943 487
0.000944 487
0.000945 487
0.000946 487
0.000947 487
0.000948 487
0.000949 487
0.00095 487
0.000951 487
0.000952 487
0.000953 487
0.000954 487
0.000955 487
0.000956 487
0.000957 487
0.000958 487
0.000959 487
0.00096 487
0.000961 487
0.000962 487
0.000963 487
0.000964 487
0.000965 487
0.000966 487
0.000967 487
0.000968 487
0.000969 487
0.00097 487
0.000971 487
0.000972 487
0.000973 487
0.000974 487
0.000975 487
0.000976 487
0.000977 487
0.000978 487
0.000979 487
0.00098 487
0.000981 487
0.000982 487
0.000983 487
0.000984 487
0.000985 487
0.000986 487
0.000987 487
0.000988 487
0.000989 487
0.00099 487
0.000991 487
0.000992 487
0.000993 487
0.000994 487
0.000995 487
0.000996 487
0.000997 487
0.000998 487
0.000999 487
0.001 487
