0 35
1e-06 35
2e-06 35
3e-06 35
4e-06 32
5e-06 32
6e-06 32
7e-06 32
8e-06 32
9e-06 31
1e-05 31
1.1e-05 30
1.2e-05 29
1.3e-05 27
1.4e-05 27
1.5e-05 27
1.6e-05 27
1.7e-05 27
1.8e-05 26
1.9e-05 26
2e-05 26
2.1e-05 26
2.2e-05 26
2.3e-05 26
2.4e-05 26
2.5e-05 26
2.6e-05 26
2.7e-05 25
2.8e-05 25
2.9e-05 25
3e-05 25
3.1e-05 25
3.2e-05 25
3.3e-05 25
3.4e-05 25
3.5e-05 25
3.6e-05 25
3.7e-05 25
3.8e-05 25
3.9e-05 25
4e-05 25
4.1e-05 25
4.2e-05 25
4.3e-05 25
4.4e-05 25
4.5e-05 25
4.6e-05 25
4.7e-05 25
4.8e-05 25
4.9e-05 25
5e-05 25
5.1e-05 25
5.2e-05 25
5.3e-05 25
5.4e-05 24
5.5e-05 24
5.6e-05 24
5.7e-05 24
5.8e-05 24
5.9e-05 24
6e-05 24
6.1e-05 24
6.2e-05 24
6.3e-05 24
6.4e-05 24
6.5e-05 24
6.6e-05 24
6.7e-05 24
6.8e-05 24
6.9e-05 24
7e-05 24
7.1e-05 24
7.2e-05 24
7.3e-05 24
7.4e-05 24
7.5e-05 24
7.6e-05 24
7.7e-05 24
7.8e-05 24
7.9e-05 24
8e-05 24
8.1e-05 24
8.2e-05 24
8.3e-05 24
8.4e-05 24
8.5e-05 24
8.6e-05 24
8.7e-05 24
8.8e-05 24
8.9e-05 24
9e-05 24
9.1e-05 24
9.2e-05 24
9.3e-05 24
9.4e-05 24
9.5e-05 24
9.6e-05 24
9.7e-05 24
9.8e-05 24
9.9e-05 24
0.0001 24
0.000101 24
0.000102 24
0.000103 24
0.000104 24
0.000105 24
0.000106 24
0.000107 24
0.000108 24
0.000109 24
0.00011 24
0.000111 24
0.000112 24
0.000113 24
0.000114 24
0.000115 24
0.000116 24
0.000117 24
0.000118 24
0.000119 24
0.00012 24
0.000121 24
0.000122 24
0.000123 24
0.000124 24
0.000125 24
0.000126 24
0.000127 24
0.000128 24
0.000129 24
0.00013 24
0.000131 24
0.000132 24
0.000133 24
0.000134 24
0.000135 24
0.000136 24
0.000137 24
0.000138 24
0.000139 24
0.00014 24
0.000141 24
0.000142 24
0.000143 24
0.000144 24
0.000145 24
0.000146 24
0.000147 24
0.000148 24
0.000149 24
0.00015 24
0.000151 24
0.000152 24
0.000153 24
0.000154 24
0.000155 24
0.000156 24
0.000157 24
0.000158 24
0.000159 24
0.00016 24
0.000161 24
0.000162 24
0.000163 24
0.000164 24
0.000165 24
0.000166 24
0.000167 24
0.000168 24
0.000169 24
0.00017 24
0.000171 24
0.000172 24
0.000173 24
0.000174 24
0.000175 24
0.000176 24
0.000177 24
0.000178 24
0.000179 24
0.00018 24
0.000181 24
0.000182 24
0.000183 24
0.000184 24
0.000185 24
0.000186 24
0.000187 24
0.000188 24
0.000189 24
0.00019 24
0.000191 24
0.000192 24
0.000193 24
0.000194 24
0.000195 24
0.000196 24
0.000197 24
0.000198 24
0.000199 24
0.0002 24
0.000201 24
0.000202 24
0.000203 24
0.000204 24
0.000205 24
0.000206 24
0.000207 24
0.000208 24
0.000209 24
0.00021 24
0.000211 24
0.000212 24
0.000213 24
0.000214 24
0.000215 24
0.000216 24
0.000217 24
0.000218 24
0.000219 24
0.00022 24
0.000221 24
0.000222 24
0.000223 24
0.000224 24
0.000225 24
0.000226 24
0.000227 24
0.000228 24
0.000229 24
0.00023 24
0.000231 24
0.000232 24
0.000233 24
0.000234 24
0.000235 24
0.000236 24
0.000237 24
0.000238 24
0.000239 24
0.00024 24
0.000241 24
0.000242 24
0.000243 24
0.000244 24
0.000245 24
0.000246 24
0.000247 24
0.000248 24
0.000249 24
0.00025 24
0.000251 24
0.000252 24
0.000253 24
0.000254 24
0.000255 24
0.000256 24
0.000257 24
0.000258 24
0.000259 24
0.00026 24
0.000261 24
0.000262 24
0.000263 24
0.000264 24
0.000265 24
0.000266 24
0.000267 24
0.000268 24
0.000269 24
0.00027 24
0.000271 24
0.000272 24
0.000273 24
0.000274 24
0.000275 24
0.000276 24
0.000277 24
0.000278 24
0.000279 24
0.00028 24
0.000281 24
0.000282 24
0.000283 24
0.000284 24
0.000285 24
0.000286 24
0.000287 24
0.000288 24
0.000289 23
0.00029 23
0.000291 23
0.000292 23
0.000293 23
0.000294 23
0.000295 23
0.000296 23
0.000297 23
0.000298 23
0.000299 23
0.0003 23
0.000301 23
0.000302 23
0.000303 23
0.000304 23
0.000305 23
0.000306 23
0.000307 23
0.000308 23
0.000309 23
0.00031 23
0.000311 23
0.000312 23
0.000313 23
0.000314 23
0.000315 23
0.000316 23
0.000317 23
0.000318 23
0.000319 23
0.00032 23
0.000321 23
0.000322 23
0.000323 23
0.000324 23
0.000325 23
0.000326 23
0.000327 23
0.000328 23
0.000329 23
0.00033 23
0.000331 23
0.000332 23
0.000333 23
0.000334 23
0.000335 23
0.000336 23
0.000337 23
0.000338 23
0.000339 23
0.00034 23
0.000341 23
0.000342 23
0.000343 23
0.000344 23
0.000345 23
0.000346 23
0.000347 23
0.000348 23
0.000349 23
0.00035 23
0.000351 23
0.000352 23
0.000353 23
0.000354 23
0.000355 23
0.000356 23
0.000357 23
0.000358 23
0.000359 23
0.00036 23
0.000361 23
0.000362 23
0.000363 23
0.000364 23
0.000365 23
0.000366 23
0.000367 23
0.000368 23
0.000369 23
0.00037 23
0.000371 23
0.000372 23
0.000373 23
0.000374 23
0.000375 23
0.000376 23
0.000377 23
0.000378 23
0.000379 23
0.00038 23
0.000381 23
0.000382 23
0.000383 23
0.000384 23
0.000385 23
0.000386 23
0.000387 23
0.000388 23
0.000389 23
0.00039 23
0.000391 23
0.000392 23
0.000393 23
0.000394 23
0.000395 23
0.000396 23
0.000397 23
0.000398 23
0.000399 23
0.0004 23
0.000401 23
0.000402 23
0.000403 23
0.000404 23
0.000405 23
0.000406 23
0.000407 23
0.000408 23
0.000409 23
0.00041 23
0.000411 23
0.000412 23
0.000413 23
0.000414 23
0.000415 23
0.000416 23
0.000417 23
0.000418 23
0.000419 23
0.00042 23
0.000421 23
0.000422 23
0.000423 23
0.000424 23
0.000425 23
0.000426 23
0.000427 23
0.000428 23
0.000429 23
0.00043 23
0.000431 23
0.000432 23
0.000433 23
0.000434 23
0.000435 23
0.000436 23
0.000437 23
0.000438 23
0.000439 23
0.00044 23
0.000441 23
0.000442 23
0.000443 23
0.000444 23
0.000445 23
0.000446 23
0.000447 23
0.000448 23
0.000449 23
0.00045 23
0.000451 23
0.000452 23
0.000453 23
0.000454 23
0.000455 23
0.000456 23
0.000457 23
0.000458 23
0.000459 23
0.00046 23
0.000461 23
0.000462 23
0.000463 23
0.000464 23
0.000465 23
0.000466 23
0.000467 23
0.000468 23
0.000469 23
0.00047 23
0.000471 23
0.000472 23
0.000473 23
0.000474 23
0.000475 23
0.000476 23
0.000477 23
0.000478 23
0.000479 23
0.00048 23
0.000481 23
0.000482 23
0.000483 23
0.000484 23
0.000485 23
0.000486 23
0.000487 23
0.000488 23
0.000489 23
0.00049 23
0.000491 23
0.000492 23
0.000493 23
0.000494 23
0.000495 23
0.000496 23
0.000497 23
0.000498 23
0.000499 23
0.0005 23
0.000501 23
0.000502 23
0.000503 23
0.000504 23
0.000505 23
0.000506 23
0.000507 23
0.000508 23
0.000509 23
0.00051 23
0.000511 23
0.000512 23
0.000513 23
0.000514 23
0.000515 23
0.000516 23
0.000517 23
0.000518 23
0.000519 23
0.00052 23
0.000521 23
0.000522 23
0.000523 23
0.000524 23
0.000525 23
0.000526 23
0.000527 23
0.000528 23
0.000529 23
0.00053 23
0.000531 23
0.000532 23
0.000533 23
0.000534 23
0.000535 23
0.000536 23
0.000537 23
0.000538 23
0.000539 23
0.00054 23
0.000541 23
0.000542 23
0.000543 23
0.000544 23
0.000545 23
0.000546 23
0.000547 23
0.000548 23
0.000549 23
0.00055 23
0.000551 23
0.000552 23
0.000553 23
0.000554 23
0.000555 23
0.000556 23
0.000557 23
0.000558 23
0.000559 23
0.00056 23
0.000561 23
0.000562 23
0.000563 23
0.000564 23
0.000565 23
0.000566 23
0.000567 23
0.000568 23
0.000569 23
0.00057 23
0.000571 23
0.000572 23
0.000573 23
0.000574 23
0.000575 23
0.000576 23
0.000577 23
0.000578 23
0.000579 23
0.00058 23
0.000581 23
0.000582 23
0.000583 23
0.000584 23
0.000585 23
0.000586 23
0.000587 23
0.000588 23
0.000589 23
0.00059 23
0.000591 23
0.000592 23
0.000593 23
0.000594 23
0.000595 23
0.000596 23
0.000597 23
0.000598 23
0.000599 23
0.0006 23
0.000601 23
0.000602 23
0.000603 23
0.000604 23
0.000605 23
0.000606 23
0.000607 23
0.000608 23
0.000609 23
0.00061 23
0.000611 23
0.000612 23
0.000613 23
0.000614 23
0.000615 23
0.000616 23
0.000617 23
0.000618 23
0.000619 23
0.00062 23
0.000621 23
0.000622 23
0.000623 23
0.000624 23
0.000625 23
0.000626 23
0.000627 23
0.000628 23
0.000629 23
0.00063 23
0.000631 23
0.000632 23
0.000633 23
0.000634 23
0.000635 23
0.000636 23
0.000637 23
0.000638 23
0.000639 23
0.00064 23
0.000641 23
0.000642 23
0.000643 23
0.000644 23
0.000645 23
0.000646 23
0.000647 23
0.000648 23
0.000649 23
0.00065 23
0.000651 23
0.000652 23
0.000653 23
0.000654 23
0.000655 23
0.000656 23
0.000657 23
0.000658 23
0.000659 23
0.00066 23
0.000661 23
0.000662 23
0.000663 23
0.000664 23
0.000665 23
0.000666 23
0.000667 23
0.000668 23
0.000669 23
0.00067 23
0.000671 23
0.000672 23
0.000673 23
0.000674 23
0.000675 23
0.000676 23
0.000677 23
0.000678 23
0.000679 23
0.00068 23
0.000681 23
0.000682 23
0.000683 23
0.000684 23
0.000685 23
0.000686 23
0.000687 23
0.000688 23
0.000689 23
0.00069 23
0.000691 23
0.000692 23
0.000693 23
0.000694 23
0.000695 23
0.000696 23
0.000697 23
0.000698 23
0.000699 23
0.0007 23
0.000701 23
0.000702 23
0.000703 23
0.000704 23
0.000705 23
0.000706 23
0.000707 23
0.000708 23
0.000709 23
0.00071 23
0.000711 23
0.000712 23
0.000713 23
0.000714 23
0.000715 23
0.000716 23
0.000717 23
0.000718 23
0.000719 23
0.00072 23
0.000721 23
0.000722 23
0.000723 23
0.000724 23
0.000725 23
0.000726 23
0.000727 23
0.000728 23
0.000729 23
0.00073 23
0.000731 23
0.000732 23
0.000733 23
0.000734 23
0.000735 23
0.000736 23
0.000737 23
0.000738 23
0.000739 23
0.00074 23
0.000741 23
0.000742 23
0.000743 23
0.000744 23
0.000745 23
0.000746 23
0.000747 23
0.000748 23
0.000749 23
0.00075 23
0.000751 23
0.000752 23
0.000753 23
0.000754 23
0.000755 23
0.000756 23
0.000757 23
0.000758 23
0.000759 23
0.00076 23
0.000761 23
0.000762 23
0.000763 23
0.000764 23
0.000765 23
0.000766 23
0.000767 23
0.000768 23
0.000769 23
0.00077 23
0.000771 23
0.000772 23
0.000773 23
0.000774 23
0.000775 23
0.000776 23
0.000777 23
0.000778 23
0.000779 23
0.00078 23
0.000781 23
0.000782 23
0.000783 23
0.000784 23
0.000785 23
0.000786 23
0.000787 23
0.000788 23
0.000789 23
0.00079 23
0.000791 23
0.000792 23
0.000793 23
0.000794 23
0.000795 23
0.000796 23
0.000797 23
0.000798 23
0.000799 23
0.0008 23
0.000801 23
0.000802 23
0.000803 23
0.000804 23
0.000805 23
0.000806 23
0.000807 23
0.000808 23
0.000809 23
0.00081 23
0.000811 23
0.000812 23
0.000813 23
0.000814 23
0.000815 23
0.000816 23
0.000817 23
0.000818 23
0.000819 23
0.00082 23
0.000821 23
0.000822 23
0.000823 23
0.000824 23
0.000825 23
0.000826 23
0.000827 23
0.000828 23
0.000829 23
0.00083 23
0.000831 23
0.000832 23
0.000833 23
0.000834 23
0.000835 23
0.000836 23
0.000837 23
0.000838 23
0.000839 23
0.00084 23
0.000841 23
0.000842 23
0.000843 23
0.000844 23
0.000845 23
0.000846 23
0.000847 23
0.000848 23
0.000849 23
0.00085 23
0.000851 23
0.000852 23
0.000853 23
0.000854 23
0.000855 23
0.000856 23
0.000857 23
0.000858 23
0.000859 23
0.00086 23
0.000861 23
0.000862 23
0.000863 23
0.000864 23
0.000865 23
0.000866 23
0.000867 23
0.000868 23
0.000869 23
0.00087 23
0.000871 23
0.000872 23
0.000873 23
0.000874 23
0.000875 23
0.000876 23
0.000877 23
0.000878 23
0.000879 23
0.00088 23
0.000881 23
0.000882 23
0.000883 23
0.000884 23
0.000885 23
0.000886 23
0.000887 23
0.000888 23
0.000889 23
0.00089 23
0.000891 23
0.000892 23
0.000893 23
0.000894 23
0.000895 23
0.000896 23
0.000897 23
0.000898 23
0.000899 23
0.0009 23
0.000901 23
0.000902 23
0.000903 23
0.000904 23
0.000905 23
0.000906 23
0.000907 23
0.000908 23
0.000909 23
0.00091 23
0.000911 23
0.000912 23
0.000913 23
0.000914 23
0.000915 23
0.000916 23
0.000917 23
0.000918 23
0.000919 23
0.00092 23
0.000921 23
0.000922 23
0.000923 23
0.000924 23
0.000925 23
0.000926 23
0.000927 23
0.000928 23
0.000929 23
0.00093 23
0.000931 23
0.000932 23
0.000933 23
0.000934 23
0.000935 23
0.000936 23
0.000937 23
0.000938 23
0.000939 23
0.00094 23
0.000941 23
0.000942 23
0.000943 23
0.000944 23
0.000945 23
0.000946 23
0.000947 23
0.000948 23
0.000949 23
0.00095 23
0.000951 23
0.000952 23
0.000953 23
0.000954 23
0.000955 23
0.000956 23
0.000957 23
0.000958 23
0.000959 23
0.00096 23
0.000961 23
0.000962 23
0.000963 23
0.000964 23
0.000965 23
0.000966 23
0.000967 23
0.000968 23
0.000969 23
0.00097 23
0.000971 23
0.000972 23
0.000973 23
0.000974 23
0.000975 23
0.000976 23
0.000977 23
0.000978 23
0.000979 23
0.00098 23
0.000981 23
0.000982 23
0.000983 23
0.000984 23
0.000985 23
0.000986 23
0.000987 23
0.000988 23
0.000989 23
0.00099 23
0.000991 23
0.000992 23
0.000993 23
0.000994 23
0.000995 23
0.000996 23
0.000997 23
0.000998 23
0.000999 23
0.001 23
