0 0
1e-06 0
2e-06 0
3e-06 0
4e-06 3
5e-06 3
6e-06 3
7e-06 3
8e-06 3
9e-06 4
1e-05 4
1.1e-05 5
1.2e-05 6
1.3e-05 8
1.4e-05 8
1.5e-05 8
1.6e-05 8
1.7e-05 8
1.8e-05 9
1.9e-05 9
2e-05 9
2.1e-05 9
2.2e-05 9
2.3e-05 9
2.4e-05 9
2.5e-05 9
2.6e-05 9
2.7e-05 10
2.8e-05 10
2.9e-05 9
3e-05 9
3.1e-05 9
3.2e-05 9
3.3e-05 9
3.4e-05 9
3.5e-05 9
3.6e-05 9
3.7e-05 9
3.8e-05 9
3.9e-05 9
4e-05 9
4.1e-05 9
4.2e-05 9
4.3e-05 9
4.4e-05 9
4.5e-05 9
4.6e-05 9
4.7e-05 9
4.8e-05 9
4.9e-05 9
5e-05 9
5.1e-05 9
5.2e-05 9
5.3e-05 9
5.4e-05 10
5.5e-05 10
5.6e-05 10
5.7e-05 10
5.8e-05 10
5.9e-05 10
6e-05 10
6.1e-05 10
6.2e-05 10
6.3e-05 10
6.4e-05 10
6.5e-05 10
6.6e-05 10
6.7e-05 10
6.8e-05 10
6.9e-05 10
7e-05 10
7.1e-05 10
7.2e-05 10
7.3e-05 10
7.4e-05 10
7.5e-05 10
7.6e-05 10
7.7e-05 10
7.8e-05 10
7.9e-05 10
8e-05 10
8.1e-05 10
8.2e-05 10
8.3e-05 10
8.4e-05 10
8.5e-05 10
8.6e-05 10
8.7e-05 10
8.8e-05 10
8.9e-05 10
9e-05 10
9.1e-05 10
9.2e-05 10
9.3e-05 10
9.4e-05 10
9.5e-05 10
9.6e-05 10
9.7e-05 10
9.8e-05 10
9.9e-05 10
0.0001 10
0.000101 10
0.000102 10
0.000103 10
0.000104 10
0.000105 10
0.000106 10
0.000107 10
0.000108 10
0.000109 10
0.00011 10
0.000111 10
0.000112 10
0.000113 10
0.000114 10
0.000115 10
0.000116 10
0.000117 10
0.000118 10
0.000119 10
0.00012 10
0.000121 10
0.000122 10
0.000123 10
0.000124 10
0.000125 10
0.000126 10
0.000127 10
0.000128 10
0.000129 10
0.00013 10
0.000131 10
0.000132 10
0.000133 10
0.000134 10
0.000135 10
0.000136 10
0.000137 10
0.000138 10
0.000139 10
0.00014 10
0.000141 10
0.000142 10
0.000143 10
0.000144 10
0.000145 10
0.000146 10
0.000147 10
0.000148 10
0.000149 10
0.00015 10
0.000151 10
0.000152 10
0.000153 10
0.000154 10
0.000155 10
0.000156 10
0.000157 10
0.000158 10
0.000159 10
0.00016 10
0.000161 10
0.000162 10
0.000163 10
0.000164 10
0.000165 10
0.000166 10
0.000167 10
0.000168 10
0.000169 10
0.00017 10
0.000171 10
0.000172 10
0.000173 10
0.000174 10
0.000175 10
0.000176 10
0.000177 10
0.000178 10
0.000179 10
0.00018 10
0.000181 10
0.000182 10
0.000183 10
0.000184 10
0.000185 10
0.000186 10
0.000187 10
0.000188 10
0.000189 10
0.00019 10
0.000191 10
0.000192 10
0.000193 10
0.000194 10
0.000195 10
0.000196 10
0.000197 10
0.000198 10
0.000199 10
0.0002 10
0.000201 10
0.000202 10
0.000203 10
0.000204 10
0.000205 10
0.000206 10
0.000207 10
0.000208 10
0.000209 10
0.00021 10
0.000211 10
0.000212 10
0.000213 10
0.000214 10
0.000215 10
0.000216 10
0.000217 10
0.000218 10
0.000219 10
0.00022 10
0.000221 10
0.000222 10
0.000223 10
0.000224 10
0.000225 10
0.000226 10
0.000227 10
0.000228 10
0.000229 10
0.00023 10
0.000231 10
0.000232 10
0.000233 10
0.000234 10
0.000235 10
0.000236 10
0.000237 10
0.000238 10
0.000239 10
0.00024 10
0.000241 10
0.000242 10
0.000243 10
0.000244 10
0.000245 10
0.000246 10
0.000247 10
0.000248 10
0.000249 10
0.00025 10
0.000251 10
0.000252 10
0.000253 10
0.000254 10
0.000255 10
0.000256 10
0.000257 10
0.000258 10
0.000259 10
0.00026 10
0.000261 10
0.000262 10
0.000263 10
0.000264 10
0.000265 10
0.000266 10
0.000267 10
0.000268 10
0.000269 10
0.00027 10
0.000271 10
0.000272 10
0.000273 10
0.000274 10
0.000275 10
0.000276 10
0.000277 10
0.000278 10
0.000279 10
0.00028 10
0.000281 10
0.000282 10
0.000283 10
0.000284 10
0.000285 10
0.000286 10
0.000287 10
0.000288 10
0.000289 11
0.00029 11
0.000291 11
0.000292 11
0.000293 11
0.000294 11
0.000295 11
0.000296 11
0.000297 11
0.000298 11
0.000299 11
0.0003 11
0.000301 11
0.000302 11
0.000303 11
0.000304 11
0.000305 11
0.000306 11
0.000307 11
0.000308 11
0.000309 11
0.00031 11
0.000311 11
0.000312 11
0.000313 11
0.000314 11
0.000315 11
0.000316 11
0.000317 11
0.000318 11
0.000319 11
0.00032 11
0.000321 11
0.000322 11
0.000323 11
0.000324 11
0.000325 11
0.000326 11
0.000327 11
0.000328 11
0.000329 11
0.00033 11
0.000331 11
0.000332 11
0.000333 11
0.000334 11
0.000335 11
0.000336 11
0.000337 11
0.000338 11
0.000339 11
0.00034 11
0.000341 11
0.000342 11
0.000343 11
0.000344 11
0.000345 11
0.000346 11
0.000347 11
0.000348 11
0.000349 11
0.00035 11
0.000351 11
0.000352 11
0.000353 11
0.000354 11
0.000355 11
0.000356 11
0.000357 11
0.000358 11
0.000359 11
0.00036 11
0.000361 11
0.000362 11
0.000363 11
0.000364 11
0.000365 11
0.000366 11
0.000367 11
0.000368 11
0.000369 11
0.00037 11
0.000371 11
0.000372 11
0.000373 11
0.000374 11
0.000375 11
0.000376 11
0.000377 11
0.000378 11
0.000379 11
0.00038 11
0.000381 11
0.000382 11
0.000383 11
0.000384 11
0.000385 11
0.000386 11
0.000387 11
0.000388 11
0.000389 11
0.00039 11
0.000391 11
0.000392 11
0.000393 11
0.000394 11
0.000395 11
0.000396 11
0.000397 11
0.000398 11
0.000399 11
0.0004 11
0.000401 11
0.000402 11
0.000403 11
0.000404 11
0.000405 11
0.000406 11
0.000407 11
0.000408 11
0.000409 11
0.00041 11
0.000411 11
0.000412 11
0.000413 11
0.000414 11
0.000415 11
0.000416 11
0.000417 11
0.000418 11
0.000419 11
0.00042 11
0.000421 11
0.000422 11
0.000423 11
0.000424 11
0.000425 11
0.000426 11
0.000427 11
0.000428 11
0.000429 11
0.00043 11
0.000431 11
0.000432 11
0.000433 11
0.000434 11
0.000435 11
0.000436 11
0.000437 11
0.000438 11
0.000439 11
0.00044 11
0.000441 11
0.000442 11
0.000443 11
0.000444 11
0.000445 11
0.000446 11
0.000447 11
0.000448 11
0.000449 11
0.00045 11
0.000451 11
0.000452 11
0.000453 11
0.000454 11
0.000455 11
0.000456 11
0.000457 11
0.000458 11
0.000459 11
0.00046 11
0.000461 11
0.000462 11
0.000463 11
0.000464 11
0.000465 11
0.000466 11
0.000467 11
0.000468 11
0.000469 11
0.00047 11
0.000471 11
0.000472 11
0.000473 11
0.000474 11
0.000475 11
0.000476 11
0.000477 11
0.000478 11
0.000479 11
0.00048 11
0.000481 11
0.000482 11
0.000483 11
0.000484 11
0.000485 11
0.000486 11
0.000487 11
0.000488 11
0.000489 11
0.00049 11
0.000491 11
0.000492 11
0.000493 11
0.000494 11
0.000495 11
0.000496 11
0.000497 11
0.000498 11
0.000499 11
0.0005 11
0.000501 11
0.000502 11
0.000503 11
0.000504 11
0.000505 11
0.000506 11
0.000507 11
0.000508 11
0.000509 11
0.00051 11
0.000511 11
0.000512 11
0.000513 11
0.000514 11
0.000515 11
0.000516 11
0.000517 11
0.000518 11
0.000519 11
0.00052 11
0.000521 11
0.000522 11
0.000523 11
0.000524 11
0.000525 11
0.000526 11
0.000527 11
0.000528 11
0.000529 11
0.00053 11
0.000531 11
0.000532 11
0.000533 11
0.000534 11
0.000535 11
0.000536 11
0.000537 11
0.000538 11
0.000539 11
0.00054 11
0.000541 11
0.000542 11
0.000543 11
0.000544 11
0.000545 11
0.000546 11
0.000547 11
0.000548 11
0.000549 11
0.00055 11
0.000551 11
0.000552 11
0.000553 11
0.000554 11
0.000555 11
0.000556 11
0.000557 11
0.000558 11
0.000559 11
0.00056 11
0.000561 11
0.000562 11
0.000563 11
0.000564 11
0.000565 11
0.000566 11
0.000567 11
0.000568 11
0.000569 11
0.00057 11
0.000571 11
0.000572 11
0.000573 11
0.000574 11
0.000575 11
0.000576 11
0.000577 11
0.000578 11
0.000579 11
0.00058 11
0.000581 11
0.000582 11
0.000583 11
0.000584 11
0.000585 11
0.000586 11
0.000587 11
0.000588 11
0.000589 11
0.00059 11
0.000591 11
0.000592 11
0.000593 11
0.000594 11
0.000595 11
0.000596 11
0.000597 11
0.000598 11
0.000599 11
0.0006 11
0.000601 11
0.000602 11
0.000603 11
0.000604 11
0.000605 11
0.000606 11
0.000607 11
0.000608 11
0.000609 11
0.00061 11
0.000611 11
0.000612 11
0.000613 11
0.000614 11
0.000615 11
0.000616 11
0.000617 11
0.000618 11
0.000619 11
0.00062 11
0.000621 11
0.000622 11
0.000623 11
0.000624 11
0.000625 11
0.000626 11
0.000627 11
0.000628 11
0.000629 11
0.00063 11
0.000631 11
0.000632 11
0.000633 11
0.000634 11
0.000635 11
0.000636 11
0.000637 11
0.000638 11
0.000639 11
0.00064 11
0.000641 11
0.000642 11
0.000643 11
0.000644 11
0.000645 11
0.000646 11
0.000647 11
0.000648 11
0.000649 11
0.00065 11
0.000651 11
0.000652 11
0.000653 11
0.000654 11
0.000655 11
0.000656 11
0.000657 11
0.000658 11
0.000659 11
0.00066 11
0.000661 11
0.000662 11
0.000663 11
0.000664 11
0.000665 11
0.000666 11
0.000667 11
0.000668 11
0.000669 11
0.00067 11
0.000671 11
0.000672 11
0.000673 11
0.000674 11
0.000675 11
0.000676 11
0.000677 11
0.000678 11
0.000679 11
0.00068 11
0.000681 11
0.000682 11
0.000683 11
0.000684 11
0.000685 11
0.000686 11
0.000687 11
0.000688 11
0.000689 11
0.00069 11
0.000691 11
0.000692 11
0.000693 11
0.000694 11
0.000695 11
0.000696 11
0.000697 11
0.000698 11
0.000699 11
0.0007 11
0.000701 11
0.000702 11
0.000703 11
0.000704 11
0.000705 11
0.000706 11
0.000707 11
0.000708 11
0.000709 11
0.00071 11
0.000711 11
0.000712 11
0.000713 11
0.000714 11
0.000715 11
0.000716 11
0.000717 11
0.000718 11
0.000719 11
0.00072 11
0.000721 11
0.000722 11
0.000723 11
0.000724 11
0.000725 11
0.000726 11
0.000727 11
0.000728 11
0.000729 11
0.00073 11
0.000731 11
0.000732 11
0.000733 11
0.000734 11
0.000735 11
0.000736 11
0.000737 11
0.000738 11
0.000739 11
0.00074 11
0.000741 11
0.000742 11
0.000743 11
0.000744 11
0.000745 11
0.000746 11
0.000747 11
0.000748 11
0.000749 11
0.00075 11
0.000751 11
0.000752 11
0.000753 11
0.000754 11
0.000755 11
0.000756 11
0.000757 11
0.000758 11
0.000759 11
0.00076 11
0.000761 11
0.000762 11
0.000763 11
0.000764 11
0.000765 11
0.000766 11
0.000767 11
0.000768 11
0.000769 11
0.00077 11
0.000771 11
0.000772 11
0.000773 11
0.000774 11
0.000775 11
0.000776 11
0.000777 11
0.000778 11
0.000779 11
0.00078 11
0.000781 11
0.000782 11
0.000783 11
0.000784 11
0.000785 11
0.000786 11
0.000787 11
0.000788 11
0.000789 11
0.00079 11
0.000791 11
0.000792 11
0.000793 11
0.000794 11
0.000795 11
0.000796 11
0.000797 11
0.000798 11
0.000799 11
0.0008 11
0.000801 11
0.000802 11
0.000803 11
0.000804 11
0.000805 11
0.000806 11
0.000807 11
0.000808 11
0.000809 11
0.00081 11
0.000811 11
0.000812 11
0.000813 11
0.000814 11
0.000815 11
0.000816 11
0.000817 11
0.000818 11
0.000819 11
0.00082 11
0.000821 11
0.000822 11
0.000823 11
0.000824 11
0.000825 11
0.000826 11
0.000827 11
0.000828 11
0.000829 11
0.00083 11
0.000831 11
0.000832 11
0.000833 11
0.000834 11
0.000835 11
0.000836 11
0.000837 11
0.000838 11
0.000839 11
0.00084 11
0.000841 11
0.000842 11
0.000843 11
0.000844 11
0.000845 11
0.000846 11
0.000847 11
0.000848 11
0.000849 11
0.00085 11
0.000851 11
0.000852 11
0.000853 11
0.000854 11
0.000855 11
0.000856 11
0.000857 11
0.000858 11
0.000859 11
0.00086 11
0.000861 11
0.000862 11
0.000863 11
0.000864 11
0.000865 11
0.000866 11
0.000867 11
0.000868 11
0.000869 11
0.00087 11
0.000871 11
0.000872 11
0.000873 11
0.000874 11
0.000875 11
0.000876 11
0.000877 11
0.000878 11
0.000879 11
0.00088 11
0.000881 11
0.000882 11
0.000883 11
0.000884 11
0.000885 11
0.000886 11
0.000887 11
0.000888 11
0.000889 11
0.00089 11
0.000891 11
0.000892 11
0.000893 11
0.000894 11
0.000895 11
0.000896 11
0.000897 11
0.000898 11
0.000899 11
0.0009 11
0.000901 11
0.000902 11
0.000903 11
0.000904 11
0.000905 11
0.000906 11
0.000907 11
0.000908 11
0.000909 11
0.00091 11
0.000911 11
0.000912 11
0.000913 11
0.000914 11
0.000915 11
0.000916 11
0.000917 11
0.000918 11
0.000919 11
0.00092 11
0.000921 11
0.000922 11
0.000923 11
0.000924 11
0.000925 11
0.000926 11
0.000927 11
0.000928 11
0.000929 11
0.00093 11
0.000931 11
0.000932 11
0.000933 11
0.000934 11
0.000935 11
0.000936 11
0.000937 11
0.000938 11
0.000939 11
0.00094 11
0.000941 11
0.000942 11
0.000943 11
0.000944 11
0.000945 11
0.000946 11
0.000947 11
0.000948 11
0.000949 11
0.00095 11
0.000951 11
0.000952 11
0.000953 11
0.000954 11
0.000955 11
0.000956 11
0.000957 11
0.000958 11
0.000959 11
0.00096 11
0.000961 11
0.000962 11
0.000963 11
0.000964 11
0.000965 11
0.000966 11
0.000967 11
0.000968 11
0.000969 11
0.00097 11
0.000971 11
0.000972 11
0.000973 11
0.000974 11
0.000975 11
0.000976 11
0.000977 11
0.000978 11
0.000979 11
0.00098 11
0.000981 11
0.000982 11
0.000983 11
0.000984 11
0.000985 11
0.000986 11
0.000987 11
0.000988 11
0.000989 11
0.00099 11
0.000991 11
0.000992 11
0.000993 11
0.000994 11
0.000995 11
0.000996 11
0.000997 11
0.000998 11
0.000999 11
0.001 11
